0 0 0
0 0 0
0 0 0
0 0 0
0 0 0
0 0 0
0 0 0
0 0 0
0 0 0
0 0 0
0 0 0
0 0 0
0 0 0
0 0 0
0 0 0
0 0 0
0 0 0
0 0 0
0 0 0
0 0 0
0 0 0
0 0 0
0 0 0
0 0 0
0 0 0
0 0 0
0 0 0
0 0 0
0 0 0
0 0 0
0 0 0
0 0 0
0 0 0
0 0 0
0 0 0
0 0 0
0 0 0
0 0 0
0 0 0
0 0 0
0 0 0
0 0 0
0 0 0
0 0 0
0 0 0
0 0 0
0 0 0
0 0 0
0 0 0
0 0 0
0 0 0
0 0 0
0 0 0
0 0 0
0 0 0
0 0 0
0 0 0
0 0 0
0 0 0
0 0 0
0 0 0
0 0 0
0 0 0
0 0 0
0 0 0
0 0 0
0 0 0
0 0 0
0 0 0
0 0 0
0 0 0
0 0 0
0 0 0
0 0 0
0 0 0
0 0 0
0 0 0
0 0 0
0 0 0
0 0 0
0 0 0
0 0 0
0 0 0
0 0 0
0 0 0
0 0 0
0 0 0
0 0 0
0 0 0
0 0 0
0 0 0
0 0 0
0 0 0
0 0 0
0 0 0
0 0 0
0 0 0
0 0 0
0 0 0
0 0 0
1507 1507 0
-4340 77 0
-441 -2573 0
4678 -415 0
3015 0 0
4678 -415 0
-441 -2573 0
-4340 77 0
1507 1507 0
77 -4340 0
-2573 -441 0
-415 4678 0
0 3015 0
-415 4678 0
-2573 -441 0
77 -4340 0
1507 1507 0
-4340 77 0
-441 -2573 0
4678 -415 0
3015 0 0
4678 -415 0
-441 -2573 0
-4340 77 0
1507 1507 0
77 -4340 0
-2573 -441 0
-415 4678 0
0 3015 0
-415 4678 0
-2573 -441 0
77 -4340 0
1507 1507 0
-4340 77 0
-441 -2573 0
4678 -415 0
3015 0 0
4678 -415 0
-441 -2573 0
-4340 77 0
1507 1507 0
77 -4340 0
-2573 -441 0
-415 4678 0
0 3015 0
-415 4678 0
-2573 -441 0
77 -4340 0
1507 1507 0
-4340 77 0
-441 -2573 0
4678 -415 0
3015 0 0
4678 -415 0
-441 -2573 0
-4340 77 0
1507 1507 0
77 -4340 0
-2573 -441 0
-415 4678 0
0 3015 0
-415 4678 0
-2573 -441 0
77 -4340 0
1507 1507 0
-4340 77 0
-441 -2573 0
4678 -415 0
3015 0 0
4678 -415 0
-441 -2573 0
-4340 77 0
1507 1507 0
77 -4340 0
-2573 -441 0
-415 4678 0
0 3015 0
-415 4678 0
-2573 -441 0
77 -4340 0
1507 1507 0
-4340 77 0
-441 -2573 0
4678 -415 0
3015 0 0
4678 -415 0
-441 -2573 0
-4340 77 0
1507 1507 0
77 -4340 0
-2573 -441 0
-415 4678 0
0 3015 0
-415 4678 0
-2573 -441 0
77 -4340 0
1507 1507 0
-4340 77 0
-441 -2573 0
4678 -415 0
3015 0 0
4678 -415 0
-441 -2573 0
-4340 77 0
1507 1507 0
77 -4340 0
-2573 -441 0
-415 4678 0
0 3015 0
-415 4678 0
-2573 -441 0
77 -4340 0
1507 1507 0
-4340 77 0
-441 -2573 0
4678 -415 0
3015 0 0
4678 -415 0
-441 -2573 0
-4340 77 0
1507 1507 0
77 -4340 0
-2573 -441 0
-415 4678 0
0 3015 0
-415 4678 0
-2573 -441 0
77 -4340 0
1507 1507 0
-4340 77 0
-441 -2573 0
4678 -415 0
3015 0 0
4678 -415 0
-441 -2573 0
-4340 77 0
1507 1507 0
77 -4340 0
-2573 -441 0
-415 4678 0
0 3015 0
-415 4678 0
-2573 -441 0
77 -4340 0
1507 1507 0
-4340 77 0
-441 -2573 0
4678 -415 0
3015 0 0
4678 -415 0
-441 -2573 0
-4340 77 0
1507 1507 0
77 -4340 0
-2573 -441 0
-415 4678 0
0 3015 0
-415 4678 0
-2573 -441 0
77 -4340 0
-5120 0 0
403 -3198 0
3005 -3469 0
-3011 -3773 0
-92 -1762 0
2460 2426 0
-4172 672 0
-3994 543 0
-1148 4944 0
-1850 714 0
-1976 -2664 0
2279 -463 0
2694 -3026 0
-4301 -2137 0
-1875 -1288 0
1210 -3223 0
2048 2048 0
3907 134 0
-737 -5264 0
1922 490 0
802 1918 0
-4483 1553 0
32 3768 0
1748 -134 0
3196 848 0
-1256 3479 0
-3773 1808 0
1960 2874 0
692 -914 0
3173 -2713 0
1303 3642 0
-168 3943 0
5120 0 0
-168 -3943 0
1303 -3642 0
3173 2713 0
692 914 0
1960 -2874 0
-3773 -1808 0
-1256 -3479 0
3196 -848 0
1748 134 0
32 -3768 0
-4483 -1553 0
802 -1918 0
1922 -490 0
-737 5264 0
3907 -134 0
2048 -2048 0
1210 3223 0
-1875 1288 0
-4301 2137 0
2694 3026 0
2279 463 0
-1976 2664 0
-1850 -714 0
-1148 -4944 0
-3994 -543 0
-4172 -672 0
2460 -2426 0
-92 1762 0
-3011 3773 0
3005 3469 0
403 3198 0
-5120 0 0
403 -3198 0
3005 -3469 0
-3011 -3773 0
-92 -1762 0
2460 2426 0
-4172 672 0
-3994 543 0
-1148 4944 0
-1850 714 0
-1976 -2664 0
2279 -463 0
2694 -3026 0
-4301 -2137 0
-1875 -1288 0
1210 -3223 0
2048 2048 0
3907 134 0
-737 -5264 0
1922 490 0
802 1918 0
-4483 1553 0
32 3768 0
1748 -134 0
3196 848 0
-1256 3479 0
-3773 1808 0
1960 2874 0
692 -914 0
3173 -2713 0
1303 3642 0
-168 3943 0
5120 0 0
-168 -3943 0
1303 -3642 0
3173 2713 0
692 914 0
1960 -2874 0
-3773 -1808 0
-1256 -3479 0
3196 -848 0
1748 134 0
32 -3768 0
-4483 -1553 0
802 -1918 0
1922 -490 0
-737 5264 0
3907 -134 0
2048 -2048 0
1210 3223 0
-1875 1288 0
-4301 2137 0
2694 3026 0
2279 463 0
-1976 2664 0
-1850 -714 0
-1148 -4944 0
-3994 -543 0
-4172 -672 0
2460 -2426 0
-92 1762 0
-3011 3773 0
3005 3469 0
403 3198 0
-5120 0 0
403 -3198 0
3005 -3469 0
-3011 -3773 0
-92 -1762 0
2460 2426 0
-4172 672 0
-3994 543 0
-1148 4944 0
-1850 714 0
-1976 -2664 0
2279 -463 0
2694 -3026 0
-4301 -2137 0
-1875 -1288 0
1210 -3223 0
2048 2048 0
3907 134 0
-737 -5264 0
1922 490 0
802 1918 0
-4483 1553 0
32 3768 0
1748 -134 0
3196 848 0
-1256 3479 0
-3773 1808 0
1960 2874 0
692 -914 0
3173 -2713 0
1303 3642 0
-168 3943 0
0 4096 0
-171 -1176 0
135 -868 0
-1332 -915 0
-1306 -4110 0
-924 3587 0
2255 2676 0
3303 -4285 0
2772 2472 0
-1268 5340 0
-3676 -293 0
-3359 -1230 0
-3972 1878 0
4668 3041 0
6844 1703 0
2225 1219 0
3072 0 0
2226 -1219 0
6844 -1703 0
4667 -3041 0
-3972 -1878 0
-3359 1230 0
-3676 293 0
-1267 -5339 0
2772 -2472 0
3303 4284 0
2255 -2676 0
-923 -3587 0
-1306 4110 0
-1334 915 0
136 867 0
-170 1176 0
0 -4096 0
2371 -1316 0
-2931 2280 0
-1370 1649 0
2154 -1434 0
-314 -1521 0
1189 2372 0
-1377 -617 0
1324 -424 0
3806 2104 0
-2664 1245 0
-2083 4312 0
-972 770 0
-1076 1109 0
-1152 3805 0
-3099 -5351 0
-3072 0 0
-3098 5351 0
-1152 -3805 0
-1077 -1109 0
-972 -770 0
-2083 -4312 0
-2664 -1245 0
3805 -2103 0
1324 424 0
-1377 616 0
1189 -2372 0
-315 1521 0
2154 1434 0
-1370 -1649 0
-2932 -2279 0
2372 1316 0
0 4096 0
-171 -1176 0
135 -868 0
-1332 -915 0
-1306 -4110 0
-924 3587 0
2255 2676 0
3303 -4285 0
2772 2472 0
-1268 5340 0
-3676 -293 0
-3359 -1230 0
-3972 1878 0
4668 3041 0
6844 1703 0
2225 1219 0
1023 1024 0
-783 2402 0
5237 659 0
3044 -94 0
674 -2114 0
1867 -3469 0
-337 -1093 0
1203 -1063 0
2047 2597 0
1389 94 0
3250 -222 0
16 3504 0
-2002 -1440 0
828 -1223 0
43 -6323 0
-1586 -1010 0
-1024 14336 0
3 796 0
-441 -8026 0
137 -1424 0
3894 452 0
1945 1920 0
-2112 -622 0
-1591 2054 0
-3497 1148 0
-3240 -1657 0
-1368 917 0
-2463 -4768 0
110 -2898 0
-1238 1944 0
-3228 -480 0
2082 1437 0
-1024 3072 0
-5115 1104 0
-1621 -2262 0
-4060 2177 0
-3570 3562 0
1754 -2875 0
2073 1277 0
3218 -213 0
2049 -4644 0
137 294 0
2583 -1162 0
711 -1623 0
-893 -8 0
1051 -2188 0
-522 935 0
-1417 4185 0
1024 2048 0
2998 2379 0
922 2637 0
-2017 -1988 0
-998 -1901 0
-2670 -40 0
-3721 -762 0
65 -1666 0
-600 -3196 0
-1181 381 0
-369 -733 0
-1160 -1576 0
2786 4346 0
2254 139 0
-388 -1124 0
3816 2068 0
1023 1024 0
-783 2402 0
5237 659 0
3044 -94 0
674 -2114 0
1867 -3469 0
-337 -1093 0
1203 -1063 0
2047 2597 0
1389 94 0
3250 -222 0
16 3504 0
-2002 -1440 0
828 -1223 0
43 -6323 0
-1586 -1010 0
2047 0 0
5150 -212 0
2156 2985 0
-1510 942 0
572 314 0
2374 1076 0
1415 -311 0
1759 5690 0
1748 -424 0
-472 -5505 0
-1076 654 0
1420 -1906 0
4430 -2362 0
5091 598 0
2007 3456 0
-1366 352 0
-1024 -4096 0
-217 2158 0
-2407 1753 0
-4125 398 0
-2538 -470 0
540 -3488 0
2214 255 0
270 -3546 0
-3196 -1872 0
-3797 5096 0
-3119 1698 0
-2969 -222 0
211 -470 0
3315 2981 0
-147 1848 0
-3851 -1178 0
-2047 2049 0
-2258 -2056 0
-4868 -89 0
-1632 2237 0
2924 -2361 0
2042 -895 0
1077 -2585 0
1541 1453 0
301 2472 0
1187 -6749 0
2369 -3549 0
-2428 -732 0
-5029 314 0
327 4468 0
2273 -561 0
-726 1236 0
1024 6144 0
2309 -570 0
-1874 1143 0
-1292 4670 0
3138 -1579 0
469 850 0
-3506 -3151 0
-986 -8710 0
1148 3920 0
497 2046 0
627 -4594 0
-1447 404 0
-3707 -1578 0
-173 201 0
2860 1049 0
958 -1090 0
2047 0 0
5150 -212 0
2156 2985 0
-1510 942 0
572 314 0
2374 1076 0
1415 -311 0
1759 5690 0
1748 -424 0
-472 -5505 0
-1076 654 0
1420 -1906 0
4430 -2362 0
5091 598 0
2007 3456 0
-1366 352 0
1564 1564 0
-4504 80 0
-458 -2670 0
4854 -430 0
3128 0 0
4854 -430 0
-458 -2670 0
-4504 80 0
1564 1564 0
80 -4504 0
-2670 -458 0
-430 4854 0
0 3128 0
-430 4854 0
-2670 -458 0
80 -4504 0
1564 1564 0
-4504 80 0
-458 -2670 0
4854 -430 0
3128 0 0
4854 -430 0
-458 -2670 0
-4504 80 0
1564 1564 0
80 -4504 0
-2670 -458 0
-430 4854 0
0 3128 0
-430 4854 0
-2670 -458 0
80 -4504 0
1564 1564 0
-4504 80 0
-458 -2670 0
4854 -430 0
3128 0 0
4854 -430 0
-458 -2670 0
-4504 80 0
1564 1564 0
80 -4504 0
-2670 -458 0
-430 4854 0
0 3128 0
-430 4854 0
-2670 -458 0
80 -4504 0
1564 1564 0
-4504 80 0
-458 -2670 0
4854 -430 0
3128 0 0
4854 -430 0
-458 -2670 0
-4504 80 0
1564 1564 0
80 -4504 0
-2670 -458 0
-430 4854 0
0 3128 0
-430 4854 0
-2670 -458 0
80 -4504 0
1564 1564 0
-4504 80 0
-458 -2670 0
4854 -430 0
3128 0 0
4854 -430 0
-458 -2670 0
-4504 80 0
1564 1564 0
80 -4504 0
-2670 -458 0
-430 4854 0
0 3128 0
-430 4854 0
-2670 -458 0
80 -4504 0
2048 1024 0
3907 645 0
-737 -5109 0
1922 -356 0
802 3334 0
-4483 -185 0
32 5497 0
1748 -1505 0
3196 1572 0
-1256 3574 0
-3773 884 0
1960 4470 0
692 -2884 0
3173 -748 0
1303 2067 0
-168 4817 0
5120 0 0
-168 -4817 0
1303 -2067 0
3173 748 0
692 2884 0
1960 -4470 0
-3773 -884 0
-1256 -3574 0
3196 -1572 0
1748 1505 0
32 -5497 0
-4483 185 0
802 -3334 0
1922 356 0
-737 5109 0
3907 -645 0
2048 -1024 0
1210 1928 0
-1875 2581 0
-4301 1091 0
2694 3658 0
2279 308 0
-1976 2383 0
-1850 -126 0
-1148 -5668 0
-3994 146 0
-4172 -1196 0
2460 -2130 0
-92 1684 0
-3011 3700 0
3005 3597 0
403 3107 0
-5120 0 0
403 -3107 0
3005 -3597 0
-3011 -3700 0
-92 -1684 0
2460 2130 0
-4172 1196 0
-3994 -146 0
-1148 5668 0
-1850 126 0
-1976 -2383 0
2279 -308 0
2694 -3658 0
-4301 -1091 0
-1875 -2581 0
1210 -1928 0
2048 1024 0
3907 645 0
-737 -5109 0
1922 -356 0
802 3334 0
-4483 -185 0
32 5497 0
1748 -1505 0
3196 1572 0
-1256 3574 0
-3773 884 0
1960 4470 0
692 -2884 0
3173 -748 0
1303 2067 0
-168 4817 0
2472 3072 0
1693 -1353 0
582 1662 0
-2608 5203 0
-204 3170 0
-1872 148 0
-3590 -1840 0
-1631 -1678 0
-5120 0 0
-1631 1678 0
-3590 1840 0
-1870 -148 0
-204 -3170 0
-2609 -5203 0
582 -1662 0
1693 1353 0
2472 -3072 0
1523 2229 0
1176 3410 0
-1950 -1253 0
684 1398 0
709 -6525 0
-1314 -2268 0
-1696 3105 0
-3072 -2048 0
5245 2414 0
1094 -2110 0
-3694 -546 0
-1532 2846 0
196 -1335 0
612 2146 0
-3221 5043 0
-424 3072 0
2903 -4601 0
3422 1170 0
1466 4843 0
5148 -1722 0
1960 1974 0
-1982 -2100 0
977 -5382 0
-1024 0 0
977 5382 0
-1982 2100 0
1960 -1974 0
5148 1722 0
1467 -4843 0
3422 -1170 0
2901 4601 0
-424 -3072 0
-3223 -5043 0
612 -2146 0
196 1335 0
-1532 -2846 0
-3693 547 0
1094 2112 0
5246 -2413 0
-3072 2048 0
-1695 -3106 0
-1314 2266 0
708 6524 0
684 -1398 0
-1950 1253 0
1176 -3410 0
1523 -2229 0
2472 3072 0
1693 -1353 0
582 1662 0
-2608 5203 0
-204 3170 0
-1872 148 0
-3590 -1840 0
-1631 -1678 0
5544 1448 0
3050 -194 0
-7998 -3221 0
2163 -287 0
2016 -830 0
501 2206 0
1753 -1263 0
-467 -118 0
3072 0 0
-467 118 0
1753 1264 0
500 -2206 0
2016 830 0
2163 287 0
-7998 3222 0
3050 193 0
5544 -1448 0
-2455 3856 0
652 -762 0
-580 -3555 0
-3436 -266 0
-2538 40 0
1575 -3858 0
-1339 -4567 0
-1024 -8192 0
1433 -3392 0
-1032 146 0
-702 1704 0
-5004 6726 0
-864 -2244 0
2128 -542 0
-1090 504 0
2648 -1448 0
496 938 0
-574 -2351 0
-719 -2499 0
-1768 -370 0
2739 3554 0
3495 -525 0
373 -2802 0
-1024 0 0
373 2802 0
3495 524 0
2740 -3554 0
-1768 370 0
-719 2499 0
-574 2350 0
496 -937 0
2648 1448 0
-1091 -504 0
2128 542 0
-864 2245 0
-5004 -6726 0
-702 -1704 0
-1031 -146 0
1433 3391 0
-1024 8192 0
-1339 4568 0
1576 3858 0
-2538 -40 0
-3436 266 0
-580 3554 0
652 762 0
-2456 -3856 0
5544 1448 0
3050 -194 0
-7998 -3221 0
2163 -287 0
2016 -830 0
501 2206 0
1753 -1263 0
-467 -118 0
-5244 -724 0
254 3261 0
-4670 -2326 0
1386 -896 0
4032 7008 0
-2741 506 0
834 3316 0
1758 2364 0
1024 0 0
1758 -2363 0
834 -3316 0
-2741 -506 0
4032 -7008 0
1386 896 0
-4670 2326 0
255 -3261 0
-5244 724 0
-3488 -713 0
3543 1893 0
4064 -1980 0
138 777 0
910 5257 0
170 -2873 0
-2770 -85 0
0 1024 0
-1118 3489 0
3050 7423 0
1808 -413 0
462 -3318 0
696 1948 0
-1872 4958 0
-535 3137 0
-900 724 0
872 1789 0
-2794 3694 0
-3250 -2168 0
-536 -2912 0
2919 816 0
1738 -2908 0
-766 10 0
3072 0 0
-766 -11 0
1738 2908 0
2919 -816 0
-536 2912 0
-3250 2168 0
-2794 -3694 0
871 -1789 0
-900 -724 0
-534 -3137 0
-1871 -4957 0
696 -1948 0
462 3319 0
1808 413 0
3050 -7423 0
-1118 -3489 0
0 -1024 0
-2770 85 0
170 2873 0
910 -5257 0
138 -778 0
4064 1980 0
3544 -1894 0
-3487 713 0
-5244 -724 0
254 3261 0
-4670 -2326 0
1386 -896 0
4032 7008 0
-2741 506 0
834 3316 0
1758 2364 0
0 -1024 0
1413 -972 0
-1964 690 0
2849 -110 0
-868 -818 0
169 3135 0
-1268 -756 0
-7147 -246 0
-2048 0 0
-7147 245 0
-1267 756 0
168 -3136 0
-868 818 0
2849 111 0
-1964 -690 0
1412 972 0
0 1024 0
1896 3264 0
5192 1702 0
1169 2120 0
240 515 0
1410 -708 0
940 450 0
-635 1910 0
-2048 2048 0
432 -1390 0
4292 -623 0
132 -1716 0
1808 2810 0
-1222 5262 0
-5072 778 0
-2660 1172 0
0 -1024 0
5591 3864 0
-1052 -414 0
-549 -5308 0
2916 7210 0
1839 1279 0
-1068 -7308 0
-4683 -470 0
-2048 0 0
-4683 471 0
-1069 7308 0
1840 -1280 0
2916 -7210 0
-549 5307 0
-1052 414 0
5592 -3864 0
0 1024 0
-2660 -1172 0
-5072 -778 0
-1223 -5262 0
1808 -2811 0
130 1718 0
4292 622 0
433 1390 0
-2048 -2048 0
-634 -1910 0
940 -449 0
1408 708 0
240 -514 0
1170 -2120 0
5192 -1702 0
1896 -3264 0
0 -1024 0
1413 -972 0
-1964 690 0
2849 -110 0
-868 -818 0
169 3135 0
-1268 -756 0
-7147 -246 0
-724 -2172 0
484 5089 0
1080 1300 0
1956 -3219 0
1586 -1150 0
-2884 940 0
3246 657 0
5748 -2866 0
-4096 0 0
5748 2866 0
3246 -657 0
-2886 -941 0
1586 1150 0
1954 3220 0
1080 -1300 0
485 -5088 0
-724 2172 0
-3263 2445 0
1953 -240 0
-3001 2416 0
-1984 292 0
-3075 1320 0
-6237 3710 0
3730 1846 0
-1024 1024 0
1038 846 0
221 1633 0
-729 131 0
2584 1140 0
-2703 1995 0
-182 -4844 0
-1118 -2573 0
724 2172 0
-128 -1547 0
44 1088 0
6856 5383 0
1910 6094 0
-2208 2856 0
-126 -3933 0
-700 -3558 0
-2048 0 0
-700 3558 0
-126 3933 0
-2208 -2855 0
1910 -6094 0
6856 -5384 0
44 -1088 0
-127 1546 0
724 -2172 0
-1117 2573 0
-181 4844 0
-2703 -1996 0
2584 -1140 0
-729 -132 0
221 -1634 0
1038 -846 0
-1024 -1024 0
3730 -1846 0
-6237 -3709 0
-3075 -1319 0
-1984 -292 0
-3003 -2415 0
1954 240 0
-3264 -2445 0
-724 -2172 0
484 5089 0
1080 1300 0
1956 -3219 0
1586 -1150 0
-2884 940 0
3246 657 0
5748 -2866 0
1324 1748 0
3701 -161 0
-2958 -3556 0
-2384 4224 0
-1620 1560 0
612 2187 0
-507 2361 0
-1676 4530 0
3072 0 0
-1677 -4530 0
-507 -2361 0
612 -2187 0
-1620 -1560 0
-2383 -4224 0
-2958 3556 0
3701 162 0
1324 -1748 0
632 4849 0
616 -2448 0
-4401 -2170 0
607 562 0
1004 217 0
-1219 608 0
-1621 2702 0
-6144 3072 0
-4766 -193 0
2327 -2484 0
-1200 -1729 0
-3502 -886 0
4163 3186 0
2060 5328 0
2783 -3854 0
2772 300 0
-1763 907 0
282 -2652 0
406 -748 0
4516 -3008 0
1800 2179 0
-601 -3053 0
2712 -6170 0
1024 0 0
2713 6170 0
-601 3053 0
1800 -2179 0
4516 3008 0
405 748 0
282 2652 0
-1763 -906 0
2772 -300 0
2782 3853 0
2060 -5328 0
4163 -3186 0
-3503 886 0
-1200 1729 0
2327 2484 0
-4767 194 0
-6144 -3072 0
-1622 -2703 0
-1219 -608 0
1004 -217 0
606 -562 0
-4401 2170 0
616 2448 0
631 -4850 0
1324 1748 0
3701 -161 0
-2958 -3556 0
-2384 4224 0
-1620 1560 0
612 2187 0
-507 2361 0
-1676 4530 0
-5968 1024 0
665 1463 0
1394 3492 0
-632 -84 0
1448 -713 0
-1282 5980 0
-2416 76 0
2060 -700 0
7168 0 0
2060 699 0
-2416 -76 0
-1281 -5980 0
1448 714 0
-631 84 0
1394 -3492 0
665 -1462 0
-5968 -1024 0
-797 1491 0
1662 -290 0
-281 4150 0
-1448 6870 0
3853 337 0
-1873 -3262 0
-4560 -1169 0
3072 2048 0
-5172 189 0
1533 -1250 0
2205 -362 0
-1448 3374 0
5878 2861 0
2462 1262 0
2376 2205 0
-176 1024 0
-4251 4915 0
-2622 956 0
2396 -1516 0
1448 1313 0
-552 1200 0
-140 4832 0
-1904 -470 0
-1024 0 0
-1904 471 0
-140 -4832 0
-553 -1200 0
1448 -1314 0
2395 1516 0
-2622 -956 0
-4251 -4916 0
-176 -1024 0
2375 -2205 0
2462 -1262 0
5877 -2862 0
-1448 -3374 0
2205 363 0
1533 1250 0
-5172 -189 0
3072 -2048 0
-4560 1169 0
-1873 3262 0
3853 -338 0
-1448 -6870 0
-282 -4149 0
1662 290 0
-798 -1491 0
-5968 1024 0
665 1463 0
1394 3492 0
-632 -84 0
1448 -713 0
-1282 5980 0
-2416 76 0
2060 -700 0
-1448 -1448 0
3763 126 0
3060 -3198 0
-1396 -2130 0
3316 -2546 0
1320 1279 0
-2588 790 0
-1092 -1721 0
-1024 0 0
-1092 1721 0
-2588 -790 0
1321 -1279 0
3316 2546 0
-1396 2129 0
3060 3198 0
3763 -126 0
-1448 1448 0
691 4044 0
90 -1402 0
-1930 -444 0
-3484 4918 0
-3432 4903 0
1539 104 0
-1164 -1333 0
-5120 0 0
-472 2117 0
3148 -276 0
3697 3281 0
4084 -26 0
2155 -3040 0
-2750 3882 0
-1385 -3948 0
1448 1448 0
-2181 442 0
2496 -4302 0
5636 2118 0
180 1698 0
-256 2083 0
-4996 -5762 0
-3952 -253 0
3072 0 0
-3952 253 0
-4996 5762 0
-257 -2085 0
180 -1698 0
5636 -2117 0
2496 4302 0
-2181 -442 0
1448 -1448 0
-1385 3948 0
-2750 -3882 0
2154 3040 0
4084 26 0
3696 -3281 0
3149 276 0
-472 -2117 0
-5120 0 0
-1164 1333 0
1540 -104 0
-3433 -4901 0
-3484 -4918 0
-1931 444 0
90 1402 0
691 -4044 0
-1448 -1448 0
3763 126 0
3060 -3198 0
-1396 -2130 0
3316 -2546 0
1320 1279 0
-2588 790 0
-1092 -1721 0
-600 -1448 0
440 -3305 0
2202 3428 0
602 310 0
-640 -978 0
-2148 572 0
-2386 -5016 0
-1968 -2364 0
-5120 0 0
-1967 2364 0
-2386 5016 0
-2148 -572 0
-640 978 0
602 -310 0
2200 -3428 0
440 3305 0
-600 1448 0
-5014 1303 0
-5657 2676 0
-697 -3208 0
2376 1134 0
-308 -138 0
743 -5561 0
2503 1649 0
3072 0 0
3335 -3956 0
2209 2660 0
2556 1950 0
-2976 -3810 0
3463 -1552 0
3476 1136 0
-2866 -1327 0
-3496 1448 0
-1696 4459 0
6970 328 0
-2718 -222 0
-2856 130 0
-752 -52 0
634 2148 0
5266 544 0
-1024 0 0
5265 -544 0
634 -2148 0
-752 52 0
-2856 -130 0
-2718 222 0
6972 -328 0
-1696 -4459 0
-3496 -1448 0
-2866 1327 0
3477 -1136 0
3463 1552 0
-2976 3810 0
2556 -1950 0
2209 -2659 0
3335 3955 0
3072 0 0
2503 -1648 0
743 5560 0
-308 138 0
2376 -1134 0
-697 3208 0
-5656 -2676 0
-5014 -1303 0
-600 -1448 0
440 -3305 0
2202 3428 0
602 310 0
-640 -978 0
-2148 572 0
-2386 -5016 0
-1968 -2364 0
4220 3796 0
-994 -2864 0
-782 1575 0
7109 329 0
3972 692 0
-1216 2026 0
-843 -5835 0
-4193 344 0
-9216 0 0
-4193 -344 0
-843 5835 0
-1216 -2026 0
3972 -692 0
7109 -329 0
-782 -1576 0
-993 2864 0
4220 -3796 0
2121 561 0
3128 3452 0
2657 -4501 0
1306 802 0
-1987 4901 0
1215 1474 0
611 -3398 0
-2048 -5120 0
3175 538 0
1121 4185 0
1975 527 0
-2154 -2694 0
-1491 1757 0
-112 960 0
-1380 -1387 0
-124 2348 0
-4212 -1668 0
662 -2867 0
-1595 505 0
972 -92 0
340 2160 0
-4389 1555 0
-921 -1392 0
-3072 0 0
-921 1392 0
-4389 -1555 0
340 -2160 0
972 92 0
-1595 -505 0
662 2868 0
-4211 1668 0
-124 -2348 0
-1379 1387 0
-112 -960 0
-1491 -1757 0
-2154 2694 0
1975 -527 0
1121 -4186 0
3175 -538 0
-2048 5120 0
611 3398 0
1215 -1473 0
-1987 -4901 0
1306 -802 0
2657 4501 0
3128 -3452 0
2120 -561 0
4220 3796 0
-994 -2864 0
-782 1575 0
7109 329 0
3972 692 0
-1216 2026 0
-843 -5835 0
-4193 344 0
-724 -3796 0
-890 924 0
-2922 2762 0
-3378 -2371 0
1140 -1476 0
-3181 -2098 0
-2130 980 0
1630 5472 0
1024 0 0
1630 -5472 0
-2129 -980 0
-3182 2098 0
1140 1476 0
-3379 2371 0
-2922 -2762 0
-890 -924 0
-724 3796 0
1648 507 0
-312 2155 0
3354 -705 0
1150 1090 0
1519 5309 0
2950 -2784 0
1914 -76 0
4096 1024 0
2726 -3456 0
3610 2384 0
-4293 4989 0
-6094 4586 0
-70 618 0
1320 -1017 0
-2592 1710 0
724 -2348 0
3162 -2928 0
-6774 1058 0
982 3325 0
-292 876 0
-723 -990 0
4258 2988 0
-1806 1924 0
-1024 0 0
-1806 -1924 0
4257 -2988 0
-724 990 0
-292 -876 0
983 -3325 0
-6774 -1058 0
3162 2928 0
724 2348 0
-2592 -1711 0
1320 1017 0
-70 -617 0
-6094 -4586 0
-4295 -4989 0
3610 -2384 0
2726 3456 0
4096 -1024 0
1914 76 0
2950 2784 0
1519 -5309 0
1150 -1090 0
3354 704 0
-312 -2155 0
1648 -506 0
-724 -3796 0
-890 924 0
-2922 2762 0
-3378 -2371 0
1140 -1476 0
-3181 -2098 0
-2130 980 0
1630 5472 0
1748 -2596 0
402 -1425 0
182 1836 0
-2775 2106 0
1286 802 0
3527 -5418 0
-2777 850 0
1704 1842 0
6144 0 0
1704 -1842 0
-2776 -850 0
3528 5418 0
1286 -802 0
-2774 -2106 0
183 -1836 0
402 1425 0
1748 2596 0
2170 -2428 0
3306 5178 0
-3631 1612 0
-3732 -92 0
-3915 3702 0
-4380 -2156 0
732 1034 0
-3072 3072 0
1248 610 0
36 -1492 0
-1672 -754 0
836 -692 0
-3199 -879 0
1038 4733 0
6526 4518 0
300 4644 0
-1738 491 0
4162 -5176 0
29 1066 0
1610 2694 0
51 -1566 0
-1567 -3082 0
540 -1954 0
-4096 0 0
540 1954 0
-1568 3082 0
52 1566 0
1610 -2694 0
28 -1066 0
4161 5176 0
-1738 -491 0
300 -4644 0
6526 -4518 0
1038 -4734 0
-3199 880 0
836 692 0
-1671 754 0
36 1492 0
1248 -610 0
-3072 -3072 0
732 -1034 0
-4380 2156 0
-3916 -3702 0
-3732 92 0
-3631 -1613 0
3306 -5177 0
2170 2428 0
1748 -2596 0
402 -1425 0
182 1836 0
-2775 2106 0
1286 802 0
3527 -5418 0
-2777 850 0
1704 1842 0
2472 -2048 0
-196 -2459 0
3351 882 0
51 413 0
1408 -6282 0
4091 1119 0
-1750 -578 0
-1733 91 0
0 0 0
-1733 -90 0
-1750 578 0
4091 -1119 0
1408 6282 0
51 -413 0
3351 -882 0
-195 2461 0
2472 2048 0
-1756 3345 0
-2652 -3240 0
6512 -756 0
4424 1402 0
-168 -371 0
-1130 2560 0
671 2646 0
0 -2048 0
467 -3241 0
-134 -3532 0
-1840 -340 0
-928 -294 0
-6112 1118 0
-1288 7995 0
3460 -3586 0
-424 -2048 0
-1508 3097 0
-3507 -3630 0
-451 -1675 0
-808 -3606 0
-2083 -4225 0
-1082 -3114 0
595 1591 0
4096 0 0
595 -1590 0
-1082 3114 0
-2083 4225 0
-808 3606 0
-451 1675 0
-3507 3630 0
-1507 -3097 0
-424 2048 0
3460 3585 0
-1288 -7996 0
-6112 -1118 0
-928 294 0
-1840 341 0
-134 3532 0
467 3240 0
0 2048 0
671 -2647 0
-1130 -2560 0
-168 370 0
4424 -1402 0
6512 756 0
-2652 3241 0
-1758 -3346 0
2472 -2048 0
-196 -2459 0
3351 882 0
51 413 0
1408 -6282 0
4091 1119 0
-1750 -578 0
-1733 91 0
0 -1624 0
-2955 5337 0
79 836 0
666 -2493 0
3904 -5218 0
20 -2739 0
-790 1754 0
2896 2192 0
0 0 0
2896 -2193 0
-790 -1754 0
20 2739 0
3904 5218 0
667 2493 0
80 -836 0
-2955 -5337 0
0 1624 0
-2446 1025 0
-5816 -1569 0
297 -776 0
-769 -3446 0
-593 4282 0
1278 550 0
-1148 -1294 0
0 0 0
5129 -1450 0
2078 -1654 0
223 -3724 0
3664 -798 0
-2901 -799 0
-3540 1742 0
642 -4406 0
0 -4520 0
-593 -1319 0
3485 -5716 0
4154 589 0
-6800 -326 0
-1866 1045 0
3226 4234 0
-1524 -1092 0
0 0 0
-1524 1093 0
3226 -4234 0
-1866 -1045 0
-6800 326 0
4153 -589 0
3484 5716 0
-593 1319 0
0 4520 0
642 4405 0
-3540 -1743 0
-2901 800 0
3665 798 0
223 3724 0
2078 1654 0
5128 1450 0
0 0 0
-1149 1294 0
1278 -550 0
-593 -4282 0
-768 3446 0
297 775 0
-5816 1570 0
-2446 -1024 0
0 -1624 0
-2955 5337 0
79 836 0
666 -2493 0
3904 -5218 0
20 -2739 0
-790 1754 0
2896 2192 0
-124 -900 0
-1671 862 0
2786 -722 0
-5087 566 0
4286 102 0
1678 968 0
-6035 1229 0
2793 -3783 0
1024 0 0
2793 3784 0
-6034 -1228 0
1679 -968 0
4286 -102 0
-5088 -566 0
2786 722 0
-1671 -862 0
-124 900 0
-71 1451 0
260 366 0
3661 5150 0
-272 3452 0
-1958 795 0
-4657 3433 0
-778 458 0
4096 3072 0
5137 5455 0
-286 -2295 0
-4483 836 0
-2624 4900 0
1813 -2287 0
588 -2374 0
-2333 -1463 0
4220 -5244 0
1619 -3096 0
-1938 -322 0
-1067 246 0
-1390 1346 0
-350 1530 0
1091 2931 0
1097 3669 0
-1024 0 0
1097 -3668 0
1090 -2932 0
-351 -1530 0
-1390 -1346 0
-1066 -246 0
-1938 322 0
1619 3096 0
4220 5244 0
-2333 1463 0
588 2374 0
1813 2286 0
-2624 -4900 0
-4482 -837 0
-287 2295 0
5136 -5456 0
4096 -3072 0
-779 -459 0
-4658 -3433 0
-1957 -794 0
-272 -3452 0
3661 -5149 0
260 -366 0
-71 -1451 0
-124 -900 0
-1671 862 0
2786 -722 0
-5087 566 0
4286 102 0
1678 968 0
-6035 1229 0
2793 -3783 0
-2172 1572 0
-1641 3461 0
-2741 -2038 0
-4133 -5263 0
3478 1186 0
3181 -4606 0
-630 -2603 0
116 438 0
-2048 0 0
116 -438 0
-630 2604 0
3181 4606 0
3478 -1186 0
-4133 5264 0
-2741 2039 0
-1640 -3462 0
-2172 -1572 0
-2706 -1515 0
-2574 673 0
-4317 2582 0
-1200 3308 0
3418 -1533 0
-2312 928 0
619 656 0
3072 1024 0
1642 3364 0
928 -3196 0
-3134 -1501 0
1800 1260 0
3555 -2934 0
971 -1883 0
66 -1092 0
2172 -5668 0
3629 1185 0
-2647 2378 0
-4241 1757 0
18 862 0
5671 -4938 0
814 1375 0
-1728 -5090 0
4096 0 0
-1728 5090 0
814 -1376 0
5671 4938 0
18 -862 0
-4241 -1756 0
-2647 -2379 0
3628 -1186 0
2172 5668 0
66 1093 0
970 1883 0
3555 2932 0
1800 -1260 0
-3134 1501 0
928 3196 0
1643 -3364 0
3072 -1024 0
618 -656 0
-2312 -928 0
3418 1533 0
-1200 -3308 0
-4317 -2582 0
-2575 -673 0
-2706 1516 0
-2172 1572 0
-1641 3461 0
-2741 -2038 0
-4133 -5263 0
3478 1186 0
3181 -4606 0
-630 -2603 0
116 438 0
-3496 -1448 0
111 -762 0
-4303 3614 0
-1334 2381 0
410 2252 0
-3246 -3201 0
-1854 -1842 0
726 3289 0
3072 0 0
727 -3289 0
-1854 1842 0
-3246 3201 0
410 -2252 0
-1333 -2380 0
-4302 -3615 0
111 763 0
-3496 1448 0
1303 442 0
2788 840 0
-5273 299 0
854 1364 0
5206 1703 0
-248 8423 0
-3250 3737 0
1024 -2048 0
-918 -3754 0
-1984 -334 0
2417 1550 0
-254 -3580 0
1024 789 0
553 -5092 0
348 -1102 0
-600 1448 0
-3089 -3990 0
3859 3238 0
4694 -2259 0
3086 -3100 0
2302 279 0
1190 -2322 0
-1022 -3 0
-5120 0 0
-1023 3 0
1190 2322 0
2302 -281 0
3086 3100 0
4695 2258 0
3858 -3237 0
-3089 3989 0
-600 -1448 0
347 1102 0
552 5092 0
1025 -789 0
-254 3580 0
2418 -1549 0
-1984 333 0
-918 3753 0
1024 2048 0
-3250 -3736 0
-248 -8422 0
5207 -1702 0
854 -1364 0
-5274 -299 0
2787 -840 0
1302 -442 0
-3496 -1448 0
111 -762 0
-4303 3614 0
-1334 2381 0
410 2252 0
-3246 -3201 0
-1854 -1842 0
726 3289 0
0 2896 0
-2868 2028 0
-2546 -1267 0
-1284 2912 0
-2772 5158 0
-173 6647 0
2032 -942 0
-994 1262 0
-3072 0 0
-994 -1261 0
2032 942 0
-172 -6646 0
-2772 -5158 0
-1284 -2912 0
-2546 1266 0
-2868 -2027 0
0 -2896 0
918 -1132 0
1448 -3462 0
-450 1966 0
-1324 4614 0
1810 4510 0
-290 -1393 0
-3668 1630 0
-1024 -2048 0
2792 -6142 0
1554 2132 0
-3980 1814 0
-1324 3414 0
4706 -1342 0
2492 2590 0
2177 3260 0
0 -2896 0
-3124 2604 0
2702 -2569 0
-76 -1548 0
-2772 1834 0
5239 1121 0
800 2770 0
-1026 -3002 0
5120 0 0
-1026 3001 0
800 -2770 0
5238 -1120 0
-2772 -1834 0
-76 1548 0
2702 2570 0
-3124 -2605 0
0 2896 0
2178 -3260 0
2492 -2590 0
4706 1342 0
-1324 -3414 0
-3980 -1814 0
1554 -2131 0
2792 6142 0
-1024 2048 0
-3668 -1630 0
-290 1392 0
1810 -4512 0
-1324 -4614 0
-450 -1966 0
1448 3462 0
919 1132 0
0 2896 0
-2868 2028 0
-2546 -1267 0
-1284 2912 0
-2772 5158 0
-173 6647 0
2032 -942 0
-994 1262 0
424 -3072 0
-498 241 0
7530 3897 0
3355 1986 0
-424 -14 0
4762 -1709 0
-1302 4120 0
-2847 -3727 0
1024 0 0
-2847 3727 0
-1302 -4120 0
4762 1709 0
-424 14 0
3355 -1986 0
7530 -3896 0
-498 -242 0
424 3072 0
-2465 -2074 0
-2609 786 0
2717 4150 0
2472 3326 0
190 2344 0
-3980 3880 0
-507 -1478 0
-1024 -2048 0
1161 2257 0
4440 828 0
-280 -1269 0
2472 -2218 0
-1575 -58 0
-3852 -846 0
-2128 -1691 0
-2472 -3072 0
2196 -435 0
-1070 -3833 0
-1601 -4258 0
-424 2662 0
-1776 2433 0
842 2716 0
-703 -7099 0
-3072 0 0
-703 7099 0
842 -2716 0
-1776 -2433 0
-424 -2662 0
-1601 4258 0
-1070 3832 0
2196 436 0
-2472 3072 0
-2129 1692 0
-3851 846 0
-1575 58 0
2472 2218 0
-280 1268 0
4440 -828 0
1161 -2256 0
-1024 2048 0
-507 1477 0
-3980 -3880 0
190 -2343 0
2472 -3326 0
2717 -4150 0
-2608 -786 0
-2466 2073 0
424 -3072 0
-498 241 0
7530 3897 0
3355 1986 0
-424 -14 0
4762 -1709 0
-1302 4120 0
-2847 -3727 0
-1024 4944 0
2267 4464 0
1656 -1648 0
-3102 -2036 0
410 -1448 0
-904 4863 0
-2462 3750 0
1150 -1530 0
2048 0 0
1150 1530 0
-2462 -3751 0
-904 -4863 0
410 1448 0
-3103 2036 0
1656 1648 0
2267 -4464 0
-1024 -4944 0
788 427 0
-3433 -40 0
-3322 366 0
854 1448 0
-2544 1222 0
-3402 910 0
-380 3660 0
2048 4096 0
1212 916 0
-1865 -3186 0
-1568 3251 0
-254 -1448 0
574 -7301 0
-286 4056 0
-622 -907 0
-1024 -848 0
-2433 -2662 0
3760 -2448 0
5850 1936 0
3086 -1448 0
5016 4735 0
-2158 346 0
-1982 1922 0
6144 0 0
-1982 -1922 0
-2158 -345 0
5016 -4735 0
3086 1448 0
5851 -1936 0
3760 2448 0
-2433 2662 0
-1024 848 0
-622 907 0
-287 -4056 0
574 7302 0
-254 1448 0
-1568 -3252 0
-1866 3186 0
1212 -916 0
2048 -4096 0
-380 -3660 0
-3403 -910 0
-2544 -1221 0
854 -1448 0
-3322 -367 0
-3434 40 0
788 -427 0
-1024 4944 0
2267 4464 0
1656 -1648 0
-3102 -2036 0
410 -1448 0
-904 4863 0
-2462 3750 0
1150 -1530 0
-1748 724 0
4643 -3846 0
-2655 -4636 0
-2737 3134 0
2852 -1260 0
-3 -1512 0
1472 -2086 0
1201 1170 0
-1024 0 0
1201 -1170 0
1473 2086 0
-3 1512 0
2852 1260 0
-2736 -3134 0
-2655 4636 0
4643 3846 0
-1748 -724 0
430 871 0
2286 -3648 0
-2663 92 0
-2150 1186 0
333 -703 0
6190 -3856 0
4817 -3640 0
4096 3072 0
532 3315 0
-2370 -1559 0
706 -535 0
-3394 -862 0
1569 -172 0
2884 2745 0
-474 -5565 0
-300 -724 0
-5487 1874 0
-1313 -1756 0
-633 3282 0
-5500 3308 0
-2365 2568 0
1700 -210 0
131 4458 0
-3072 0 0
131 -4458 0
1699 210 0
-2365 -2568 0
-5500 -3308 0
-634 -3282 0
-1313 1756 0
-5487 -1874 0
-300 724 0
-474 5565 0
2882 -2744 0
1569 172 0
-3394 862 0
707 535 0
-2370 1560 0
531 -3316 0
4096 -3072 0
4816 3641 0
6190 3855 0
334 703 0
-2150 -1186 0
-2663 -92 0
2284 3647 0
430 -871 0
-1748 724 0
4643 -3846 0
-2655 -4636 0
-2737 3134 0
2852 -1260 0
-3 -1512 0
1472 -2086 0
1201 1170 0
724 -724 0
2943 -3168 0
-4446 3428 0
-803 4806 0
4685 2210 0
-872 300 0
-3473 -2869 0
-1880 2748 0
0 0 0
-1880 -2748 0
-3473 2870 0
-872 -300 0
4686 -2210 0
-803 -4806 0
-4446 -3428 0
2942 3168 0
724 724 0
-1412 772 0
3213 962 0
-1259 526 0
-5564 4332 0
1219 3045 0
-2825 -905 0
1012 -3150 0
5120 -1024 0
-3684 -38 0
-1116 -2641 0
-1653 -2875 0
1220 236 0
-4843 3982 0
-6046 482 0
2296 -312 0
-724 724 0
4421 -3028 0
3182 188 0
1793 1106 0
-341 1886 0
626 2028 0
3317 -2963 0
2096 1044 0
6144 0 0
2096 -1044 0
3317 2962 0
626 -2028 0
-342 -1886 0
1793 -1106 0
3182 -188 0
4422 3028 0
-724 -724 0
2296 312 0
-6045 -482 0
-4843 -3982 0
1220 -236 0
-1653 2875 0
-1115 2641 0
-3684 38 0
5120 1024 0
1012 3150 0
-2824 905 0
1219 -3045 0
-5564 -4332 0
-1259 -526 0
3214 -962 0
-1412 -772 0
724 -724 0
2943 -3168 0
-4446 3428 0
-803 4806 0
4685 2210 0
-872 300 0
-3473 -2869 0
-1880 2748 0
1148 -1148 0
-985 -3431 0
-1936 -1958 0
1240 -1560 0
1102 3662 0
3195 2698 0
364 -582 0
-4060 -3698 0
-6144 0 0
-4058 3698 0
363 582 0
3196 -2698 0
1102 -3662 0
1240 1560 0
-1936 1958 0
-986 3431 0
1148 1148 0
-2580 -2513 0
920 4288 0
-1652 -1855 0
1656 -6588 0
-299 691 0
-1784 2728 0
1289 -2017 0
-5120 -3072 0
3138 2896 0
-772 717 0
-3428 -1434 0
2440 -196 0
-3888 2526 0
-2148 2736 0
-284 -1131 0
-3196 3196 0
65 -227 0
6060 -2490 0
2732 1196 0
2994 -1366 0
2099 -1374 0
-704 -4326 0
3416 -4620 0
4096 0 0
3416 4620 0
-703 4326 0
2100 1374 0
2994 1366 0
2732 -1196 0
6060 2490 0
66 227 0
-3196 -3196 0
-284 1131 0
-2148 -2736 0
-3888 -2527 0
2440 196 0
-3427 1433 0
-772 -716 0
3139 -2897 0
-5120 3072 0
1288 2018 0
-1784 -2729 0
-300 -690 0
1656 6588 0
-1652 1854 0
920 -4288 0
-2580 2513 0
1148 -1148 0
-985 -3431 0
-1936 -1958 0
1240 -1560 0
1102 3662 0
3195 2698 0
364 -582 0
-4060 -3698 0
3620 -724 0
319 -2959 0
-2384 719 0
150 1344 0
-3092 -1260 0
-746 3026 0
1984 2984 0
-5 -1015 0
0 0 0
-6 1015 0
1984 -2983 0
-746 -3027 0
-3092 1260 0
149 -1345 0
-2384 -718 0
319 2959 0
3620 724 0
-2011 4231 0
-356 -158 0
1112 -313 0
-765 1186 0
2598 -2187 0
3215 -198 0
1464 -7092 0
-1024 1024 0
-2897 1072 0
-763 -5262 0
2515 280 0
4262 -862 0
456 2412 0
-4772 -3342 0
-6743 -4295 0
-3620 724 0
1755 -143 0
-1176 -5103 0
-390 -3602 0
3692 3308 0
98 -3142 0
4252 -1056 0
2325 619 0
-6144 0 0
2326 -619 0
4252 1055 0
98 3143 0
3692 -3308 0
-389 3603 0
-1176 5102 0
1755 143 0
-3620 -724 0
-6743 4295 0
-4772 3342 0
456 -2413 0
4261 862 0
2514 -281 0
-763 5262 0
-2896 -1072 0
-1024 -1024 0
1465 7092 0
3215 198 0
2597 2188 0
-766 -1186 0
1112 314 0
-356 158 0
-2011 -4231 0
3620 -724 0
319 -2959 0
-2384 719 0
150 1344 0
-3092 -1260 0
-746 3026 0
1984 2984 0
-5 -1015 0
-1024 -3496 0
1093 -2992 0
-1748 -1485 0
-354 1167 0
2448 1098 0
-1900 -904 0
-2044 3876 0
4038 -1646 0
4096 0 0
4038 1646 0
-2044 -3876 0
-1901 903 0
2448 -1098 0
-354 -1167 0
-1747 1485 0
1094 2992 0
-1024 3496 0
-1245 -1804 0
2850 270 0
-4686 -253 0
-3244 -3470 0
-4564 -1424 0
-1052 2246 0
6916 1084 0
-2048 -4096 0
804 -1140 0
556 -142 0
2392 -3585 0
5892 -1422 0
1554 3125 0
9 -1807 0
-3013 -4451 0
-1024 -600 0
-3075 -6336 0
-2312 -1791 0
1238 883 0
3096 -3146 0
528 3208 0
-4452 728 0
274 -1466 0
4096 0 0
274 1466 0
-4452 -728 0
529 -3207 0
3096 3146 0
1238 -883 0
-2313 1791 0
-3076 6336 0
-1024 600 0
-3013 4452 0
10 1806 0
1554 -3125 0
5892 1422 0
2392 3584 0
556 142 0
804 1140 0
-2048 4096 0
6916 -1084 0
-1052 -2246 0
-4564 1425 0
-3244 3470 0
-4686 253 0
2851 -269 0
-1245 1803 0
-1024 -3496 0
1093 -2992 0
-1748 -1485 0
-354 1167 0
2448 1098 0
-1900 -904 0
-2044 3876 0
4038 -1646 0
5244 1572 0
1341 3364 0
-5172 849 0
4471 -1431 0
112 4756 0
-590 -2076 0
1882 -3158 0
-652 -870 0
3072 0 0
-651 869 0
1882 3158 0
-590 2076 0
112 -4756 0
4471 1430 0
-5171 -848 0
1341 -3364 0
5244 -1572 0
-1701 -4222 0
-1969 -131 0
593 1626 0
2010 -586 0
-3012 -802 0
-3470 -2281 0
-3204 -4893 0
0 3072 0
533 15 0
-4374 -2568 0
864 3646 0
2334 262 0
1609 3178 0
-94 837 0
-930 -2210 0
900 -5668 0
-3173 -5376 0
242 1319 0
7 -121 0
-4456 188 0
1850 -2372 0
4762 -4122 0
1996 -4038 0
1024 0 0
1995 4039 0
4762 4122 0
1850 2372 0
-4456 -188 0
7 122 0
243 -1320 0
-3173 5376 0
900 5668 0
-931 2210 0
-93 -837 0
1609 -3178 0
2334 -262 0
864 -3646 0
-4374 2569 0
532 -15 0
0 -3072 0
-3205 4893 0
-3470 2280 0
-3012 802 0
2010 586 0
593 -1626 0
-1970 131 0
-1702 4222 0
5244 1572 0
1341 3364 0
-5172 849 0
4471 -1431 0
112 4756 0
-590 -2076 0
1882 -3158 0
-652 -870 0
5244 -4220 0
2076 1009 0
-2970 938 0
2498 -2880 0
-6034 -2394 0
-1298 1338 0
1687 -452 0
-3510 2732 0
3072 0 0
-3510 -2732 0
1686 452 0
-1297 -1337 0
-6034 2394 0
2498 2881 0
-2971 -938 0
2076 -1009 0
5244 4220 0
-3246 3659 0
-3306 -2707 0
1749 2160 0
-28 1056 0
-2839 -2952 0
-5512 -1440 0
-4520 1931 0
2048 5120 0
1137 -855 0
4 -1440 0
135 -20 0
2324 -1840 0
1522 -3131 0
4258 -2707 0
5022 541 0
900 124 0
3716 3441 0
-2078 -938 0
-2634 -5544 0
-358 -502 0
868 -1542 0
-275 452 0
-674 2050 0
5120 0 0
-674 -2050 0
-274 -452 0
869 1541 0
-358 502 0
-2634 5545 0
-2077 938 0
3716 -3441 0
900 -124 0
5022 -541 0
4258 2707 0
1521 3132 0
2324 1840 0
133 20 0
4 1440 0
1136 855 0
2048 -5120 0
-4521 -1931 0
-5512 1440 0
-2839 2952 0
-28 -1056 0
1750 -2159 0
-3306 2707 0
-3246 -3659 0
5244 -4220 0
2076 1009 0
-2970 938 0
2498 -2880 0
-6034 -2394 0
-1298 1338 0
1687 -452 0
-3510 2732 0
1924 -1148 0
486 -83 0
1344 -4678 0
1600 -3874 0
3492 -1540 0
-4215 132 0
-4888 -622 0
791 -3006 0
-5120 0 0
791 3006 0
-4888 622 0
-4215 -131 0
3492 1540 0
1599 3874 0
1344 4677 0
487 82 0
1924 1148 0
-1300 -689 0
3316 -5794 0
-1892 3838 0
-4526 4142 0
2959 -1001 0
1454 2167 0
4127 -1762 0
0 -1024 0
279 362 0
882 2352 0
-1850 5824 0
-418 -2250 0
-636 -3191 0
-301 -406 0
1532 1638 0
6268 3196 0
610 -2575 0
-1464 3074 0
1816 5406 0
-2644 -756 0
-3575 1268 0
-344 2006 0
-733 2546 0
-3072 0 0
-733 -2546 0
-344 -2006 0
-3575 -1269 0
-2644 756 0
1817 -5406 0
-1464 -3073 0
609 2574 0
6268 -3196 0
1532 -1637 0
-300 406 0
-636 3190 0
-418 2250 0
-1849 -5823 0
882 -2351 0
279 -362 0
0 1024 0
4127 1762 0
1454 -2168 0
2960 1000 0
-4526 -4142 0
-1892 -3837 0
3317 5794 0
-1300 690 0
1924 -1148 0
486 -83 0
1344 -4678 0
1600 -3874 0
3492 -1540 0
-4215 132 0
-4888 -622 0
791 -3006 0
1148 -1324 0
1512 -3011 0
2102 -4091 0
4583 -287 0
2538 1546 0
-1359 214 0
-1137 6828 0
-1101 -419 0
-1024 0 0
-1102 419 0
-1136 -6828 0
-1357 -214 0
2538 -1546 0
4583 287 0
2102 4091 0
1512 3011 0
1148 1324 0
684 -1130 0
369 -754 0
2630 2085 0
-572 3888 0
1 2848 0
3024 1152 0
-2526 -4334 0
2048 1024 0
854 115 0
-2868 -2056 0
-239 2416 0
-2924 -3104 0
1059 -90 0
895 -1122 0
-808 -4103 0
-3196 -2772 0
-4524 37 0
730 1323 0
-705 -1887 0
-3138 -346 0
-5971 -646 0
5077 3948 0
5909 4869 0
-7168 0 0
5910 -4869 0
5076 -3948 0
-5973 646 0
-3138 346 0
-705 1887 0
730 -1323 0
-4524 -37 0
-3196 2772 0
-808 4104 0
895 1122 0
1060 89 0
-2924 3104 0
-239 -2416 0
-2868 2056 0
854 -116 0
2048 -1024 0
-2526 4335 0
3024 -1152 0
1 -2848 0
-572 -3888 0
2631 -2084 0
369 754 0
684 1129 0
1148 -1324 0
1512 -3011 0
2102 -4091 0
4583 -287 0
2538 1546 0
-1359 214 0
-1137 6828 0
-1101 -419 0
-3796 1924 0
-3786 2615 0
-2198 1338 0
-3709 1722 0
4742 1730 0
2442 -1850 0
-2020 1251 0
-518 161 0
1024 0 0
-518 -161 0
-2019 -1251 0
2443 1850 0
4742 -1730 0
-3708 -1721 0
-2198 -1337 0
-3785 -2616 0
-3796 -1924 0
5319 -897 0
-1923 -698 0
2619 -4361 0
2740 -1500 0
-992 -3562 0
3845 -2578 0
1682 5543 0
4096 1024 0
-2646 -2691 0
-4889 -2577 0
520 -1563 0
1956 -1500 0
-1914 -618 0
-3805 -698 0
-468 -1707 0
-2348 6268 0
-1064 4143 0
-1962 -1338 0
3003 -1116 0
2850 -1730 0
-1970 714 0
4760 -1251 0
1482 -827 0
-5120 0 0
1482 827 0
4759 1251 0
-1971 -714 0
2850 1730 0
3004 1115 0
-1962 1337 0
-1065 -4142 0
-2348 -6268 0
-469 1707 0
-3805 698 0
-1913 619 0
1956 1500 0
520 1562 0
-4889 2578 0
-2646 2691 0
4096 -1024 0
1682 -5543 0
3845 2577 0
-992 3563 0
2740 1500 0
2618 4360 0
-1923 698 0
5318 897 0
-3796 1924 0
-3786 2615 0
-2198 1338 0
-3709 1722 0
4742 1730 0
2442 -1850 0
-2020 1251 0
-518 161 0
-2772 -3796 0
-3759 -2386 0
-668 166 0
3594 -2978 0
2200 -1956 0
-2260 5720 0
-2238 -1912 0
621 3236 0
1024 0 0
622 -3237 0
-2238 1912 0
-2260 -5720 0
2200 1956 0
3595 2978 0
-668 -166 0
-3760 2385 0
-2772 3796 0
-4813 1146 0
-2250 1038 0
449 2647 0
-1814 -4742 0
1164 -284 0
-1752 -1195 0
-4066 1769 0
0 5120 0
1669 -4086 0
4768 -1379 0
3476 3100 0
3862 2850 0
1824 -5433 0
-2982 -4350 0
908 2083 0
-1324 -2348 0
985 -2102 0
3004 1438 0
-4540 -118 0
-152 -2740 0
2084 248 0
2118 528 0
2663 -532 0
-1024 0 0
2662 533 0
2118 -528 0
2084 -248 0
-152 2740 0
-4539 118 0
3004 -1438 0
984 2101 0
-1324 2348 0
907 -2082 0
-2982 4350 0
1825 5433 0
3862 -2850 0
3476 -3100 0
4768 1379 0
1670 4087 0
0 -5120 0
-4065 -1770 0
-1752 1195 0
1164 284 0
-1814 4742 0
448 -2647 0
-2250 -1038 0
-4812 -1145 0
-2772 -3796 0
-3759 -2386 0
-668 166 0
3594 -2978 0
2200 -1956 0
-2260 5720 0
-2238 -1912 0
621 3236 0
1324 -1148 0
3272 2640 0
643 -5369 0
2922 -1507 0
3262 3202 0
-5467 -98 0
-842 1764 0
1312 -404 0
-5120 0 0
1312 403 0
-842 -1764 0
-5467 98 0
3262 -3202 0
2922 1507 0
643 5370 0
3272 -2640 0
1324 1148 0
-602 134 0
-1486 330 0
-560 2194 0
-1296 -128 0
-2857 1956 0
1901 -1714 0
4788 -1821 0
0 -3072 0
-4637 2162 0
-673 -422 0
1597 -3110 0
-3648 6264 0
-830 3344 0
1826 3043 0
-160 -834 0
2772 3196 0
1036 4952 0
1913 1089 0
4708 5241 0
-2414 -906 0
-5305 16 0
-3282 728 0
784 -1038 0
5120 0 0
784 1037 0
-3282 -728 0
-5305 -16 0
-2414 906 0
4708 -5241 0
1913 -1090 0
1036 -4952 0
2772 -3196 0
-160 834 0
1826 -3042 0
-830 -3344 0
-3648 -6264 0
1597 3110 0
-673 422 0
-4638 -2161 0
0 3072 0
4789 1822 0
1901 1714 0
-2857 -1956 0
-1296 128 0
-560 -2194 0
-1486 -331 0
-602 -134 0
1324 -1148 0
3272 2640 0
643 -5369 0
2922 -1507 0
3262 3202 0
-5467 -98 0
-842 1764 0
1312 -404 0
2048 1448 0
83 2579 0
-3780 964 0
-2924 5728 0
-2726 -600 0
5439 -1813 0
-478 -3693 0
-470 1551 0
11264 0 0
-469 -1551 0
-479 3693 0
5439 1813 0
-2726 600 0
-2924 -5728 0
-3780 -964 0
83 -2579 0
2048 -1448 0
-1382 3181 0
2480 -2777 0
867 327 0
834 -3496 0
230 -4245 0
-3528 -1722 0
-242 545 0
-1024 2048 0
-3246 2300 0
-3089 545 0
152 -4899 0
3510 3496 0
-2239 2025 0
-4204 -3036 0
795 195 0
2048 -1448 0
743 -2669 0
1408 -2920 0
-376 -1134 0
-1618 -600 0
4643 -1737 0
2998 -3927 0
-2074 -2693 0
-1024 0 0
-2075 2693 0
2999 3927 0
4643 1737 0
-1618 600 0
-376 1134 0
1408 2920 0
743 2669 0
2048 1448 0
796 -195 0
-4204 3037 0
-2239 -2025 0
3510 -3496 0
152 4899 0
-3088 -546 0
-3246 -2299 0
-1024 -2048 0
-242 -546 0
-3527 1723 0
230 4245 0
834 3496 0
867 -327 0
2480 2776 0
-1381 -3181 0
2048 1448 0
83 2579 0
-3780 964 0
-2924 5728 0
-2726 -600 0
5439 -1813 0
-478 -3693 0
0 0 0
0 0 0
0 0 0
0 0 0
0 0 0
0 0 0
0 0 0
0 0 0
0 0 0
0 0 0
0 0 0
0 0 0
0 0 0
0 0 0
0 0 0
0 0 0
0 0 0
0 0 0
0 0 0
0 0 0
0 0 0
0 0 0
0 0 0
0 0 0
0 0 0
0 0 0
0 0 0
0 0 0
0 0 0
0 0 0
0 0 0
0 0 0
0 0 0
0 0 0
0 0 0
0 0 0
0 0 0
0 0 0
0 0 0
0 0 0
0 0 0
0 0 0
0 0 0
0 0 0
0 0 0
0 0 0
0 0 0
0 0 0
0 0 0
0 0 0
0 0 0
0 0 0
0 0 0
0 0 0
0 0 0
0 0 0
0 0 0
0 0 0
0 0 0
0 0 0
0 0 0
0 0 0
0 0 0
0 0 0
0 0 0
0 0 0
0 0 0
0 0 0
0 0 0
0 0 0
0 0 0
0 0 0
0 0 0
0 0 0
0 0 0
0 0 0
0 0 0
0 0 0
0 0 0
0 0 0
0 0 0
0 0 0
0 0 0
0 0 0
0 0 0
0 0 0
0 0 0
0 0 0
0 0 0
0 0 0
0 0 0
0 0 0
0 0 0
0 0 0
0 0 0
0 0 0
0 0 0
0 0 0
0 0 0
0 0 0
0 0 0
0 0 0
0 0 0
0 0 0
0 0 0
0 0 0
0 0 0
0 0 0
0 0 0
0 0 0
0 0 0
0 0 0
0 0 0
0 0 0
0 0 0
0 0 0
0 0 0
0 0 0
0 0 0
0 0 0
0 0 0
0 0 0
0 0 0
0 0 0
0 0 0
0 0 0
0 0 0
0 0 0
0 0 0
0 0 0
0 0 0
0 0 0
0 0 0
0 0 0
0 0 0
0 0 0
0 0 0
0 0 0
0 0 0
0 0 0
0 0 0
0 0 0
0 0 0
0 0 0
0 0 0
0 0 0
0 0 0
0 0 0
0 0 0
0 0 0
0 0 0
0 0 0
0 0 0
0 0 0
0 0 0
0 0 0
0 0 0
0 0 0
0 0 0
0 0 0
0 0 0
0 0 0
0 0 0
0 0 0
0 0 0
0 0 0
0 0 0
0 0 0
0 0 0
0 0 0
0 0 0
0 0 0
0 0 0
0 0 0
0 0 0
0 0 0
0 0 0
0 0 0
0 0 0
0 0 0
0 0 0
0 0 0
0 0 0
0 0 0
0 0 0
0 0 0
0 0 0
0 0 0
0 0 0
0 0 0
0 0 0
0 0 0
0 0 0
0 0 0
0 0 0
0 0 0
0 0 0
0 0 0
0 0 0
0 0 0
