0 0 0
0 0 0
0 0 0
0 0 0
0 0 0
0 0 0
0 0 0
0 0 0
0 0 0
0 0 0
0 0 0
0 0 0
0 0 0
0 0 0
0 0 0
0 0 0
0 0 0
0 0 0
0 0 0
0 0 0
0 0 0
0 0 0
0 0 0
0 0 0
0 0 0
0 0 0
0 0 0
0 0 0
0 0 0
0 0 0
0 0 0
0 0 0
0 0 0
0 0 0
0 0 0
0 0 0
0 0 0
0 0 0
0 0 0
0 0 0
0 0 0
0 0 0
0 0 0
0 0 0
0 0 0
0 0 0
0 0 0
0 0 0
0 0 0
0 0 0
0 0 0
0 0 0
0 0 0
0 0 0
0 0 0
0 0 0
0 0 0
0 0 0
0 0 0
0 0 0
0 0 0
0 0 0
0 0 0
0 0 0
0 0 0
0 0 0
0 0 0
0 0 0
0 0 0
0 0 0
0 0 0
0 0 0
0 0 0
0 0 0
0 0 0
0 0 0
0 0 0
0 0 0
0 0 0
0 0 0
0 0 0
0 0 0
0 0 0
0 0 0
0 0 0
0 0 0
0 0 0
0 0 0
0 0 0
0 0 0
0 0 0
0 0 0
0 0 0
0 0 0
0 0 0
0 0 0
0 0 0
0 0 0
0 0 0
0 0 0
1507 1507 0
-4340 77 0
-441 -2573 0
4678 -415 0
3015 0 0
4678 -415 0
-441 -2573 0
-4340 77 0
1507 1507 0
77 -4340 0
-2573 -441 0
-415 4678 0
0 3015 0
-415 4678 0
-2573 -441 0
77 -4340 0
1507 1507 0
-4340 77 0
-441 -2573 0
4678 -415 0
3015 0 0
4678 -415 0
-441 -2573 0
-4340 77 0
1507 1507 0
77 -4340 0
-2573 -441 0
-415 4678 0
0 3015 0
-415 4678 0
-2573 -441 0
77 -4340 0
1507 1507 0
-4340 77 0
-441 -2573 0
4678 -415 0
3015 0 0
4678 -415 0
-441 -2573 0
-4340 77 0
1507 1507 0
77 -4340 0
-2573 -441 0
-415 4678 0
0 3015 0
-415 4678 0
-2573 -441 0
77 -4340 0
1507 1507 0
-4340 77 0
-441 -2573 0
4678 -415 0
3015 0 0
4678 -415 0
-441 -2573 0
-4340 77 0
1507 1507 0
77 -4340 0
-2573 -441 0
-415 4678 0
0 3015 0
-415 4678 0
-2573 -441 0
77 -4340 0
1507 1507 0
-4340 77 0
-441 -2573 0
4678 -415 0
3015 0 0
4678 -415 0
-441 -2573 0
-4340 77 0
1507 1507 0
77 -4340 0
-2573 -441 0
-415 4678 0
0 3015 0
-415 4678 0
-2573 -441 0
77 -4340 0
1507 1507 0
-4340 77 0
-441 -2573 0
4678 -415 0
3015 0 0
4678 -415 0
-441 -2573 0
-4340 77 0
1507 1507 0
77 -4340 0
-2573 -441 0
-415 4678 0
0 3015 0
-415 4678 0
-2573 -441 0
77 -4340 0
1507 1507 0
-4340 77 0
-441 -2573 0
4678 -415 0
3015 0 0
4678 -415 0
-441 -2573 0
-4340 77 0
1507 1507 0
77 -4340 0
-2573 -441 0
-415 4678 0
0 3015 0
-415 4678 0
-2573 -441 0
77 -4340 0
1507 1507 0
-4340 77 0
-441 -2573 0
4678 -415 0
3015 0 0
4678 -415 0
-441 -2573 0
-4340 77 0
1507 1507 0
77 -4340 0
-2573 -441 0
-415 4678 0
0 3015 0
-415 4678 0
-2573 -441 0
77 -4340 0
1507 1507 0
-4340 77 0
-441 -2573 0
4678 -415 0
3015 0 0
4678 -415 0
-441 -2573 0
-4340 77 0
1507 1507 0
77 -4340 0
-2573 -441 0
-415 4678 0
0 3015 0
-415 4678 0
-2573 -441 0
77 -4340 0
1507 1507 0
-4340 77 0
-441 -2573 0
4678 -415 0
3015 0 0
4678 -415 0
-441 -2573 0
-4340 77 0
1507 1507 0
77 -4340 0
-2573 -441 0
-415 4678 0
0 3015 0
-415 4678 0
-2573 -441 0
77 -4340 0
-5120 0 0
403 -3198 0
3005 -3469 0
-3011 -3773 0
-92 -1762 0
2460 2426 0
-4172 672 0
-3994 543 0
-1148 4944 0
-1850 714 0
-1976 -2664 0
2279 -463 0
2694 -3026 0
-4301 -2137 0
-1875 -1288 0
1210 -3223 0
2048 2048 0
3907 134 0
-737 -5264 0
1922 490 0
802 1918 0
-4483 1553 0
32 3768 0
1748 -134 0
3196 848 0
-1256 3479 0
-3773 1808 0
1960 2874 0
692 -914 0
3173 -2713 0
1303 3642 0
-168 3943 0
5120 0 0
-168 -3943 0
1303 -3642 0
3173 2713 0
692 914 0
1960 -2874 0
-3773 -1808 0
-1256 -3479 0
3196 -848 0
1748 134 0
32 -3768 0
-4483 -1553 0
802 -1918 0
1922 -490 0
-737 5264 0
3907 -134 0
2048 -2048 0
1210 3223 0
-1875 1288 0
-4301 2137 0
2694 3026 0
2279 463 0
-1976 2664 0
-1850 -714 0
-1148 -4944 0
-3994 -543 0
-4172 -672 0
2460 -2426 0
-92 1762 0
-3011 3773 0
3005 3469 0
403 3198 0
-5120 0 0
403 -3198 0
3005 -3469 0
-3011 -3773 0
-92 -1762 0
2460 2426 0
-4172 672 0
-3994 543 0
-1148 4944 0
-1850 714 0
-1976 -2664 0
2279 -463 0
2694 -3026 0
-4301 -2137 0
-1875 -1288 0
1210 -3223 0
2048 2048 0
3907 134 0
-737 -5264 0
1922 490 0
802 1918 0
-4483 1553 0
32 3768 0
1748 -134 0
3196 848 0
-1256 3479 0
-3773 1808 0
1960 2874 0
692 -914 0
3173 -2713 0
1303 3642 0
-168 3943 0
5120 0 0
-168 -3943 0
1303 -3642 0
3173 2713 0
692 914 0
1960 -2874 0
-3773 -1808 0
-1256 -3479 0
3196 -848 0
1748 134 0
32 -3768 0
-4483 -1553 0
802 -1918 0
1922 -490 0
-737 5264 0
3907 -134 0
2048 -2048 0
1210 3223 0
-1875 1288 0
-4301 2137 0
2694 3026 0
2279 463 0
-1976 2664 0
-1850 -714 0
-1148 -4944 0
-3994 -543 0
-4172 -672 0
2460 -2426 0
-92 1762 0
-3011 3773 0
3005 3469 0
403 3198 0
-5120 0 0
403 -3198 0
3005 -3469 0
-3011 -3773 0
-92 -1762 0
2460 2426 0
-4172 672 0
-3994 543 0
-1148 4944 0
-1850 714 0
-1976 -2664 0
2279 -463 0
2694 -3026 0
-4301 -2137 0
-1875 -1288 0
1210 -3223 0
2048 2048 0
3907 134 0
-737 -5264 0
1922 490 0
802 1918 0
-4483 1553 0
32 3768 0
1748 -134 0
3196 848 0
-1256 3479 0
-3773 1808 0
1960 2874 0
692 -914 0
3173 -2713 0
1303 3642 0
-168 3943 0
2048 2048 0
2855 -478 0
-1121 2220 0
-2306 -2519 0
-3308 -5448 0
495 442 0
5339 1342 0
1572 -2852 0
3620 -2472 0
-1230 2594 0
-5618 1688 0
672 -1781 0
-1186 2432 0
759 2276 0
572 572 0
1077 5190 0
7168 0 0
1077 -5190 0
571 -572 0
759 -2276 0
-1186 -2432 0
673 1781 0
-5618 -1687 0
-1230 -2594 0
3620 2472 0
1572 2852 0
5338 -1342 0
495 -442 0
-3308 5448 0
-2308 2519 0
-1121 -2220 0
2855 478 0
2048 -2048 0
987 -3606 0
323 612 0
1806 -381 0
1260 -96 0
-615 808 0
5245 -1498 0
1500 -24 0
-3620 424 0
-514 1082 0
-2070 2252 0
336 -1745 0
-862 216 0
-6939 4032 0
-2668 -1836 0
-455 -5122 0
-3072 0 0
-455 5122 0
-2669 1836 0
-6939 -4032 0
-862 -216 0
335 1745 0
-2070 -2253 0
-514 -1082 0
-3620 -424 0
1500 24 0
5246 1498 0
-615 -808 0
1260 96 0
1808 381 0
321 -612 0
987 3606 0
2048 2048 0
2855 -478 0
-1121 2220 0
-2306 -2519 0
-3308 -5448 0
495 442 0
5339 1342 0
1572 -2852 0
3620 -2472 0
-1230 2594 0
-5618 1688 0
672 -1781 0
-1186 2432 0
759 2276 0
572 572 0
1077 5190 0
-1024 3072 0
-31 1537 0
6317 324 0
5210 1960 0
674 -1671 0
50 -2657 0
-2016 13 0
517 -828 0
2649 549 0
2231 1277 0
6364 2422 0
-174 2241 0
-2002 -776 0
3745 17 0
-94 -3541 0
749 -3031 0
-1024 4095 0
-2332 -1224 0
-304 -5243 0
-2779 -185 0
3894 1116 0
2133 659 0
-5227 2022 0
-2432 3237 0
-4097 -900 0
-2556 -1422 0
313 2023 0
-645 -3957 0
110 -2454 0
-3404 3998 0
-4307 -814 0
1330 572 0
1024 5120 0
-4497 2059 0
455 -988 0
3390 -1576 0
-3570 223 0
-2270 -135 0
-972 -457 0
2635 -2202 0
5544 -6692 0
-3176 -2031 0
-1160 918 0
2050 -1017 0
-894 2224 0
759 1168 0
-1326 1309 0
-1181 3219 0
1024 0 0
2764 1413 0
1724 3011 0
-1725 1369 0
-998 332 0
-4009 565 0
23 1318 0
3376 -3991 0
-4095 -5244 0
-596 -1608 0
2675 -2467 0
2865 1165 0
2786 1007 0
-5196 -3615 0
-2465 150 0
3198 3023 0
-1024 3072 0
-31 1537 0
6317 324 0
5210 1960 0
674 -1671 0
50 -2657 0
-2016 13 0
517 -828 0
2649 549 0
2231 1277 0
6364 2422 0
-174 2241 0
-2002 -776 0
3745 17 0
-94 -3541 0
749 -3031 0
-1024 1025 0
4866 4029 0
3766 6048 0
-1238 2403 0
-1339 -2270 0
1826 -721 0
-1055 83 0
1139 4302 0
3496 300 0
-375 -5911 0
1220 -1320 0
2512 -2060 0
2446 -4272 0
2001 -2099 0
-250 582 0
1195 2489 0
-1024 4096 0
-2778 4296 0
-150 -1122 0
-1035 -2299 0
-554 -2381 0
-553 -3642 0
-83 -1720 0
174 -3952 0
-4945 -1149 0
-3177 3706 0
-647 2091 0
-2420 -2021 0
2122 -3053 0
3044 4442 0
-1758 4910 0
-3568 3064 0
1024 3072 0
4678 -2796 0
-2659 -31 0
-3682 12 0
1338 -377 0
-2216 3788 0
-1621 -1855 0
1336 194 0
600 1748 0
-623 -2367 0
-3896 196 0
-3864 -2576 0
-2446 -1272 0
311 1251 0
1358 -3702 0
-3315 62 0
1024 4096 0
4898 -1745 0
-959 -1999 0
-1276 1452 0
553 -3164 0
1903 -993 0
2759 595 0
824 -4327 0
849 3196 0
702 789 0
3324 -3863 0
2811 5089 0
-2121 405 0
1875 -2026 0
651 1106 0
-5977 -1830 0
-1024 1025 0
4866 4029 0
3766 6048 0
-1238 2403 0
-1339 -2270 0
1826 -721 0
-1055 83 0
1139 4302 0
3496 300 0
-375 -5911 0
1220 -1320 0
2512 -2060 0
2446 -4272 0
2001 -2099 0
-250 582 0
1195 2489 0
1564 1564 0
-4504 80 0
-458 -2670 0
4854 -430 0
3128 0 0
4854 -430 0
-458 -2670 0
-4504 80 0
1564 1564 0
80 -4504 0
-2670 -458 0
-430 4854 0
0 3128 0
-430 4854 0
-2670 -458 0
80 -4504 0
1564 1564 0
-4504 80 0
-458 -2670 0
4854 -430 0
3128 0 0
4854 -430 0
-458 -2670 0
-4504 80 0
1564 1564 0
80 -4504 0
-2670 -458 0
-430 4854 0
0 3128 0
-430 4854 0
-2670 -458 0
80 -4504 0
1564 1564 0
-4504 80 0
-458 -2670 0
4854 -430 0
3128 0 0
4854 -430 0
-458 -2670 0
-4504 80 0
1564 1564 0
80 -4504 0
-2670 -458 0
-430 4854 0
0 3128 0
-430 4854 0
-2670 -458 0
80 -4504 0
1564 1564 0
-4504 80 0
-458 -2670 0
4854 -430 0
3128 0 0
4854 -430 0
-458 -2670 0
-4504 80 0
1564 1564 0
80 -4504 0
-2670 -458 0
-430 4854 0
0 3128 0
-430 4854 0
-2670 -458 0
80 -4504 0
1564 1564 0
-4504 80 0
-458 -2670 0
4854 -430 0
3128 0 0
4854 -430 0
-458 -2670 0
-4504 80 0
1564 1564 0
80 -4504 0
-2670 -458 0
-430 4854 0
0 3128 0
-430 4854 0
-2670 -458 0
80 -4504 0
2048 1024 0
3907 645 0
-737 -5109 0
1922 -356 0
802 3334 0
-4483 -185 0
32 5497 0
1748 -1505 0
3196 1572 0
-1256 3574 0
-3773 884 0
1960 4470 0
692 -2884 0
3173 -748 0
1303 2067 0
-168 4817 0
5120 0 0
-168 -4817 0
1303 -2067 0
3173 748 0
692 2884 0
1960 -4470 0
-3773 -884 0
-1256 -3574 0
3196 -1572 0
1748 1505 0
32 -5497 0
-4483 185 0
802 -3334 0
1922 356 0
-737 5109 0
3907 -645 0
2048 -1024 0
1210 1928 0
-1875 2581 0
-4301 1091 0
2694 3658 0
2279 308 0
-1976 2383 0
-1850 -126 0
-1148 -5668 0
-3994 146 0
-4172 -1196 0
2460 -2130 0
-92 1684 0
-3011 3700 0
3005 3597 0
403 3107 0
-5120 0 0
403 -3107 0
3005 -3597 0
-3011 -3700 0
-92 -1684 0
2460 2130 0
-4172 1196 0
-3994 -146 0
-1148 5668 0
-1850 126 0
-1976 -2383 0
2279 -308 0
2694 -3658 0
-4301 -1091 0
-1875 -2581 0
1210 -1928 0
2048 1024 0
3907 645 0
-737 -5109 0
1922 -356 0
802 3334 0
-4483 -185 0
32 5497 0
1748 -1505 0
3196 1572 0
-1256 3574 0
-3773 884 0
1960 4470 0
692 -2884 0
3173 -748 0
1303 2067 0
-168 4817 0
-600 0 0
5767 2706 0
2383 900 0
-1114 -961 0
-1236 258 0
-2597 528 0
-1334 492 0
432 -967 0
3920 -4344 0
-1233 -453 0
-4676 2231 0
-136 888 0
416 461 0
260 -3387 0
-2970 -4875 0
-1146 2442 0
2048 848 0
-853 77 0
306 3006 0
-900 1455 0
-995 -138 0
-3138 -4379 0
-5309 3527 0
2646 4333 0
1448 1872 0
-728 3168 0
321 -390 0
-4300 -414 0
487 -4346 0
2006 -273 0
-3315 502 0
42 1040 0
2048 1448 0
117 -490 0
1271 2726 0
506 483 0
-1236 1366 0
121 1756 0
-1848 6356 0
-1868 -1045 0
-1024 -1448 0
-1167 4951 0
7378 -3965 0
3468 1780 0
-4936 -3781 0
3684 -6783 0
5148 -1207 0
-146 1502 0
-3496 3496 0
-4571 -5337 0
-3112 -488 0
-3696 -757 0
571 -4382 0
-846 -5 0
-549 1561 0
5562 -533 0
1448 -1872 0
2668 -2222 0
1921 -4020 0
-2020 3318 0
1137 -1022 0
510 -1441 0
4385 5228 0
2670 -980 0
-600 0 0
5767 2706 0
2383 900 0
-1114 -961 0
-1236 258 0
-2597 528 0
-1334 492 0
432 -967 0
1748 -5368 0
4301 3087 0
120 -1368 0
4143 -1792 0
-3280 -60 0
910 1561 0
-686 1602 0
-2622 -824 0
1148 -2896 0
-1439 -3161 0
-1764 190 0
-917 -2317 0
5558 -1638 0
2135 1726 0
-2380 -3947 0
12 -5308 0
-1324 -1448 0
-2629 446 0
1394 2280 0
1315 -2826 0
-1388 724 0
4534 4303 0
1652 -2316 0
-2018 -2280 0
-2172 -3920 0
55 1313 0
578 1184 0
-3769 793 0
1462 4194 0
-1697 -1252 0
-3105 3846 0
2073 -533 0
-1748 -4768 0
-2787 -2665 0
2168 -2932 0
2395 2060 0
-1064 1508 0
1670 -3 0
-14 1038 0
90 3692 0
1748 -4344 0
-3433 -1715 0
584 5438 0
6071 -1585 0
2882 1038 0
683 538 0
-1164 1067 0
-1448 414 0
1324 0 0
-305 3136 0
2462 -1228 0
2703 122 0
-2956 724 0
-4126 -289 0
-3000 524 0
-6 2976 0
-724 5368 0
-1955 5351 0
-5542 2228 0
-3749 -247 0
-1214 -698 0
4083 -792 0
8697 3978 0
-4273 -3929 0
1748 -5368 0
4301 3087 0
120 -1368 0
4143 -1792 0
-3280 -60 0
910 1561 0
-686 1602 0
-2622 -824 0
1148 2472 0
1857 -4560 0
-3156 -845 0
1057 -1270 0
1282 466 0
-5258 3850 0
-581 3985 0
2302 569 0
1872 -5068 0
4190 -5 0
2817 -325 0
-3938 -919 0
2444 88 0
5983 708 0
-1667 -1829 0
5290 730 0
724 3496 0
-6526 -2189 0
3021 224 0
7 -154 0
-3838 -246 0
-2203 -2058 0
-2703 -2381 0
2790 441 0
4344 -2596 0
2382 -1403 0
2837 2925 0
1275 3030 0
2684 -4876 0
-1096 -2765 0
-5364 3250 0
2372 2613 0
1748 1872 0
-525 2688 0
894 4075 0
-975 146 0
2390 -642 0
1348 -2460 0
2299 -431 0
862 1701 0
-3320 -724 0
-272 1477 0
-3335 555 0
-90 -1137 0
876 88 0
-5187 -396 0
-3063 -2967 0
-2294 -858 0
-724 -2048 0
-1174 -1291 0
-1959 -3454 0
-1289 -4074 0
-2730 6214 0
-4015 2884 0
-3607 -1173 0
1038 -4927 0
0 2596 0
2468 5283 0
4673 -3155 0
1553 4378 0
2684 -1092 0
-3556 237 0
-2690 1546 0
1624 -269 0
1148 2472 0
1857 -4560 0
-3156 -845 0
1057 -1270 0
1282 466 0
-5258 3850 0
-581 3985 0
2302 569 0
1660 2984 0
658 -3671 0
-1558 -1160 0
-3388 -4664 0
5392 -1614 0
-1556 5249 0
-4206 -1420 0
2214 -1624 0
3920 0 0
1735 356 0
166 -1714 0
-770 -5476 0
115 1301 0
863 1035 0
-630 -174 0
2632 2409 0
-5156 -1960 0
-3496 -561 0
5438 -577 0
-468 -1198 0
-1446 -669 0
992 -4304 0
-1238 -1722 0
-2572 -220 0
724 300 0
-1985 -1228 0
-4088 -4080 0
-656 816 0
-831 -1139 0
-3494 -1182 0
-1974 4090 0
3095 -402 0
1236 -1536 0
2234 829 0
7242 -732 0
4768 -1580 0
-1296 1614 0
1920 5199 0
3578 3312 0
2318 1392 0
-1024 -1448 0
-7169 -1732 0
150 930 0
-2242 -2132 0
-115 747 0
2149 4643 0
-2526 -610 0
2802 -1975 0
-3532 512 0
-1036 2203 0
1166 2469 0
104 450 0
-2650 669 0
-2372 848 0
5962 -170 0
-320 1652 0
2172 1148 0
-4925 1404 0
-8516 4864 0
252 -200 0
831 -909 0
3898 2496 0
1034 -3306 0
3815 1168 0
1660 2984 0
658 -3671 0
-1558 -1160 0
-3388 -4664 0
5392 -1614 0
-1556 5249 0
-4206 -1420 0
2214 -1624 0
3196 -1748 0
1490 -1724 0
-4039 3282 0
-860 38 0
4280 1748 0
-3761 -1745 0
4301 -4366 0
-921 -2847 0
-4044 -3620 0
197 -2864 0
-6414 2475 0
573 -322 0
-1762 -3086 0
-990 6056 0
-406 362 0
-2442 -676 0
2772 5668 0
-1923 3415 0
-2248 2463 0
-440 1580 0
508 484 0
-2901 -4707 0
-3906 -2304 0
3551 1672 0
724 -300 0
-2306 -219 0
923 -552 0
-1201 1160 0
-1134 1638 0
3288 -4112 0
-256 -2364 0
-3638 5746 0
-300 1748 0
-222 382 0
-833 -2038 0
3912 -2886 0
2712 1748 0
-801 -1301 0
-1645 1386 0
-2797 -2601 0
1148 -5068 0
-1521 -1764 0
-966 505 0
2543 4324 0
914 -410 0
4264 -1702 0
6218 -1606 0
3674 1596 0
-2772 124 0
-215 -2293 0
3376 4133 0
2960 -80 0
-1708 -1084 0
-5677 3749 0
4994 1540 0
4171 1780 0
-724 3196 0
-1294 -725 0
-1383 1316 0
-1695 1978 0
-3810 -1038 0
786 -2030 0
2284 -4232 0
4194 1122 0
3196 -1748 0
1490 -1724 0
-4039 3282 0
-860 38 0
4280 1748 0
-3761 -1745 0
4301 -4366 0
-921 -2847 0
2984 512 0
725 -379 0
251 -3647 0
-802 -4025 0
125 -627 0
1286 -1192 0
-1987 -503 0
-957 4066 0
2472 2172 0
4483 -4691 0
-783 -4625 0
-4606 3701 0
4358 1145 0
238 243 0
534 -81 0
-660 438 0
-3832 2808 0
4276 326 0
-2243 2392 0
320 -4625 0
1155 -2995 0
1478 -1796 0
1913 -3179 0
-4191 2878 0
2172 -3320 0
-3923 -1119 0
469 2424 0
5953 4560 0
-2733 6250 0
-722 33 0
-1539 -3192 0
-1362 -1140 0
1360 936 0
-773 -535 0
63 1625 0
6274 -2129 0
-1997 -397 0
-6258 -1092 0
2457 -5419 0
-2481 2534 0
-2472 724 0
3035 3109 0
1253 4975 0
-994 571 0
-438 727 0
-1498 -2557 0
-220 -1901 0
912 2550 0
-3408 4432 0
-1240 368 0
-119 478 0
-2156 4999 0
-5075 4019 0
-3278 76 0
-335 -1635 0
-2927 -774 0
724 -2472 0
1609 -2871 0
1109 2170 0
4203 2740 0
4605 -2330 0
562 493 0
-823 -1466 0
3474 -4760 0
2984 512 0
725 -379 0
251 -3647 0
-802 -4025 0
125 -627 0
1286 -1192 0
-1987 -503 0
-957 4066 0
1024 6392 0
1967 2579 0
-365 4253 0
643 1204 0
6194 -2190 0
-973 3335 0
-5475 -3237 0
-1282 3887 0
-1872 4344 0
-954 92 0
915 3070 0
604 3891 0
-3742 4682 0
-5695 -1920 0
2804 -1263 0
2695 -4621 0
-2472 -1448 0
108 1910 0
401 -5183 0
5297 -1234 0
6278 -2274 0
-3960 -168 0
-1797 4089 0
4862 -905 0
0 -1024 0
-4544 -3295 0
-1684 -2089 0
1018 1494 0
-1610 -3114 0
553 3610 0
4257 863 0
343 -6133 0
424 848 0
1537 -2821 0
-1757 -1023 0
559 -1188 0
3518 -1730 0
611 1337 0
-3483 -1257 0
-5298 -9 0
-3920 -1448 0
-722 -268 0
1531 -2840 0
2300 887 0
2718 438 0
-1389 -1362 0
-5314 5433 0
-815 -471 0
1024 0 0
-676 68 0
1721 1953 0
2229 2614 0
1386 402 0
946 -888 0
867 -3691 0
998 4115 0
0 -1872 0
1588 -2361 0
-762 1859 0
-2762 -3574 0
2634 -2006 0
19 152 0
-3443 -937 0
193 41 0
1024 6392 0
1967 2579 0
-365 4253 0
643 1204 0
6194 -2190 0
-973 3335 0
-5475 -3237 0
-1282 3887 0
-3496 1748 0
-1645 -1043 0
3015 -635 0
-7987 323 0
-4890 1406 0
2022 695 0
-1525 557 0
5161 -1346 0
1024 -724 0
2152 1842 0
-3313 -4450 0
-1690 -585 0
2842 6214 0
-8090 -2102 0
-1417 -3853 0
763 -314 0
4944 -300 0
1216 34 0
-1057 -1989 0
5329 -2319 0
-3238 1490 0
128 2142 0
843 -2285 0
-499 -188 0
1448 300 0
-492 -5196 0
-318 -387 0
2545 1521 0
5745 -642 0
324 2259 0
-209 433 0
1206 -553 0
-848 -1748 0
2465 -2639 0
4735 285 0
193 843 0
1570 2514 0
2648 -9 0
-1177 -6415 0
-379 -6698 0
-3920 -724 0
140 4450 0
1919 1580 0
-5222 -1335 0
-3618 -246 0
-1696 3660 0
-2237 4923 0
1 174 0
-600 3196 0
-448 3388 0
2347 -2605 0
-4787 -155 0
-2130 382 0
-386 -560 0
-3085 -897 0
4537 -3172 0
1448 -1748 0
708 860 0
-1536 2409 0
-669 11 0
3719 466 0
954 3803 0
3015 1745 0
1498 2209 0
-3496 1748 0
-1645 -1043 0
3015 -635 0
-7987 323 0
-4890 1406 0
2022 695 0
-1525 557 0
5161 -1346 0
-1448 2472 0
-2030 -3190 0
-1095 -4158 0
-2722 1002 0
-954 -1448 0
558 623 0
-1349 2632 0
-1576 2574 0
-1024 0 0
-1608 -2542 0
-3020 1244 0
2490 -1222 0
5736 -3026 0
3482 -2177 0
-292 -3031 0
269 -491 0
-2472 600 0
-1816 1043 0
3625 3675 0
-4250 1066 0
-3170 -2232 0
4239 3794 0
6026 3206 0
3880 -240 0
0 3920 0
-346 2716 0
2308 2319 0
2674 1322 0
-1048 -2546 0
327 828 0
-1691 5766 0
1340 2475 0
0 -1024 0
-1982 2426 0
4931 -3686 0
-1238 -8806 0
-494 -1448 0
4430 449 0
721 1188 0
-4112 3690 0
-424 -1448 0
3340 -2946 0
1192 3684 0
-2798 -522 0
-7184 -1918 0
-610 2541 0
-2864 -2137 0
421 1169 0
1024 -2048 0
-3140 -3895 0
2427 2969 0
-2974 -3190 0
1722 -664 0
-1179 966 0
-1302 -34 0
3204 1688 0
-1448 -2472 0
3486 2292 0
1216 -255 0
4722 -1938 0
-400 1698 0
-7151 -2928 0
751 -1798 0
668 1423 0
-1448 2472 0
-2030 -3190 0
-1095 -4158 0
-2722 1002 0
-954 -1448 0
558 623 0
-1349 2632 0
-1576 2574 0
4008 5880 0
-1207 2402 0
-1341 4986 0
-2604 73 0
2586 -1915 0
-1032 3156 0
-7584 1647 0
795 -2275 0
1148 -1448 0
-1744 1550 0
1911 -472 0
2300 220 0
1693 -955 0
1112 215 0
-881 772 0
4100 1077 0
4184 88 0
-1349 -2068 0
2310 -1004 0
1082 -908 0
147 3754 0
2972 953 0
1060 -1098 0
-3062 -938 0
-1448 -300 0
6830 -946 0
808 -3696 0
-1483 -1700 0
591 -4335 0
-3424 5155 0
4414 5043 0
1226 -1263 0
-2560 1360 0
3893 -2638 0
29 -362 0
-1912 -1201 0
2358 1315 0
2768 2902 0
-2288 -2487 0
-3065 -2889 0
-2596 0 0
-2172 326 0
-3055 -588 0
-4084 3028 0
355 707 0
-2384 2327 0
289 5640 0
-3928 3233 0
-8528 -1536 0
6763 -1572 0
3946 -372 0
82 -5104 0
701 -258 0
-3232 1089 0
-228 -1310 0
-4024 -1686 0
0 1748 0
2970 546 0
1184 -4284 0
829 -200 0
-2639 -4105 0
820 -1813 0
-574 -2415 0
2166 -1051 0
4008 5880 0
-1207 2402 0
-1341 4986 0
-2604 73 0
2586 -1915 0
-1032 3156 0
-7584 1647 0
795 -2275 0
-2384 512 0
2514 201 0
-742 -494 0
2552 1188 0
1112 4517 0
-1020 -1165 0
402 -5410 0
-1232 1549 0
3196 -1448 0
927 -3023 0
-504 649 0
1261 2639 0
179 3557 0
453 -5778 0
338 -258 0
336 2683 0
-2560 512 0
-399 2334 0
546 -1547 0
-498 836 0
-62 -3356 0
-2245 -4596 0
2960 -3190 0
1014 -1433 0
-1448 -1748 0
4682 -1340 0
1701 2136 0
-291 2493 0
3329 7409 0
4322 -4297 0
158 -3018 0
-2573 3834 0
-1960 -1960 0
-570 2927 0
1766 -686 0
-936 -1348 0
-4008 179 0
-7964 201 0
-4730 1166 0
3548 1593 0
-1748 2896 0
-3183 4141 0
-520 3207 0
-2753 -4471 0
1517 787 0
623 4558 0
-3578 2954 0
3846 1527 0
4008 936 0
-2821 462 0
478 -3417 0
-490 1280 0
-2834 -4236 0
1153 -4588 0
3416 -406 0
-174 559 0
-2896 6092 0
2946 794 0
-2725 152 0
-2941 -921 0
6559 -3065 0
582 -2415 0
1034 -3422 0
-669 -424 0
-2384 512 0
2514 201 0
-742 -494 0
2552 1188 0
1112 4517 0
-1020 -1165 0
402 -5410 0
-1232 1549 0
336 212 0
3807 2419 0
870 1382 0
3865 2368 0
-1707 2469 0
-4281 5882 0
1682 4678 0
486 -4082 0
-2596 -724 0
-3054 1334 0
-1074 -620 0
1199 1696 0
-2464 -1471 0
-798 -3141 0
-898 -2500 0
-2896 1200 0
-936 812 0
-1771 -3675 0
3438 2811 0
-2407 -836 0
-3363 -3984 0
-1847 6063 0
-5767 2640 0
3126 190 0
1448 1024 0
2419 -3054 0
3682 138 0
-68 1721 0
61 186 0
2458 -529 0
3028 -472 0
-1731 485 0
4008 -212 0
2547 -625 0
-3002 -1022 0
-2375 -292 0
2307 -1869 0
391 228 0
-3018 4630 0
2490 -1274 0
-1748 -2172 0
324 -1182 0
-578 -3744 0
4907 -1034 0
8008 -2025 0
-1100 2485 0
4450 2988 0
48 -5982 0
-3408 -812 0
-5691 221 0
-3354 -4019 0
1377 1068 0
-133 488 0
3061 1279 0
-3137 2884 0
358 -4502 0
2896 -3920 0
1419 2162 0
18 -718 0
-6498 -2291 0
-2709 414 0
2116 1717 0
3660 2528 0
-1881 -19 0
336 212 0
3807 2419 0
870 1382 0
3865 2368 0
-1707 2469 0
-4281 5882 0
1682 4678 0
486 -4082 0
-1872 -2772 0
1532 -3454 0
-1215 -3674 0
1733 -206 0
410 7366 0
328 3670 0
-3402 3324 0
674 576 0
2596 1448 0
-2406 2649 0
-2952 -1103 0
-5084 1567 0
2486 1058 0
525 186 0
-620 -871 0
4175 4065 0
-1024 4220 0
6 552 0
36 2668 0
-3977 -820 0
-70 762 0
1631 3123 0
1668 -758 0
8578 -4146 0
-2172 -3320 0
-7087 -1482 0
3575 150 0
-1058 -1077 0
1858 -2726 0
3995 608 0
169 2406 0
-17 2675 0
-2472 -124 0
1988 3518 0
-1665 3166 0
-5043 -326 0
3086 3122 0
524 -1160 0
-1986 -1876 0
602 396 0
1748 1448 0
838 -3457 0
-5740 -5069 0
-388 -2777 0
-190 -5402 0
-2983 3062 0
2004 2319 0
-2697 -887 0
2472 1572 0
4890 -2664 0
-52 -960 0
-3969 1520 0
-530 -2562 0
5597 -3585 0
-3272 2206 0
-1254 -130 0
724 -2472 0
1935 242 0
2221 -970 0
-294 -1977 0
4534 -1618 0
271 -1808 0
-353 -958 0
-3565 1547 0
-1872 -2772 0
1532 -3454 0
-1215 -3674 0
1733 -206 0
410 7366 0
328 3670 0
-3402 3324 0
674 576 0
3708 3832 0
-2183 1730 0
-3755 785 0
372 -1807 0
1460 -5830 0
-3722 -2398 0
-1393 -5412 0
-371 -3152 0
-1748 724 0
-909 883 0
2182 573 0
-1049 -2581 0
-2919 2647 0
366 3461 0
-4624 -895 0
1518 418 0
3108 3408 0
307 1104 0
-174 1816 0
471 120 0
4622 -3244 0
-1913 3290 0
365 2725 0
-648 2759 0
1448 424 0
4373 -1641 0
-4111 1762 0
-344 -3462 0
1413 -1915 0
-51 2742 0
184 -3045 0
3542 -4828 0
-812 3408 0
-243 -1638 0
8019 -5833 0
-858 1567 0
-12 3534 0
858 4566 0
765 -1112 0
4107 -2116 0
-1148 724 0
3035 -865 0
1122 -1985 0
-4657 -1431 0
-3473 849 0
-1418 -1989 0
1468 -1699 0
-1534 534 0
2684 3832 0
5735 3436 0
6 -864 0
1751 -3256 0
-3174 -3148 0
-1055 1054 0
4359 2103 0
-2608 5445 0
-1448 1024 0
-6019 -1313 0
-3289 3746 0
218 962 0
-3709 1315 0
2839 -838 0
-1124 -4249 0
90 -756 0
3708 3832 0
-2183 1730 0
-3755 785 0
372 -1807 0
1460 -5830 0
-3722 -2398 0
-1393 -5412 0
-371 -3152 0
300 1748 0
-3069 1251 0
-3769 2124 0
-189 4410 0
2470 3474 0
1461 -4651 0
-1026 761 0
1110 1948 0
-1148 2172 0
-3137 -1021 0
-800 -5525 0
1326 2904 0
1582 1074 0
-146 -1660 0
1963 2261 0
2634 -2353 0
300 -2596 0
2745 2707 0
4949 264 0
1660 4358 0
745 4424 0
1872 1036 0
29 1900 0
-3552 -2593 0
-5068 -1748 0
-356 -2790 0
2016 801 0
1608 3144 0
2208 -180 0
3965 -239 0
1713 -1159 0
-5460 469 0
-300 -1748 0
-145 -3889 0
-2561 -2984 0
1637 844 0
-6990 -2202 0
-4237 -831 0
112 493 0
-4518 -3604 0
-300 5068 0
67 -375 0
-792 -3517 0
-2150 -768 0
-310 1398 0
782 4646 0
-45 -55 0
4110 1671 0
-300 -3196 0
-2855 -2505 0
533 -3148 0
5880 -1512 0
879 2992 0
-7124 -4910 0
1733 -1106 0
-1380 373 0
724 300 0
6750 830 0
-5368 401 0
-1580 604 0
5208 604 0
3427 817 0
1313 -3095 0
-1136 1689 0
300 1748 0
-3069 1251 0
-3769 2124 0
-189 4410 0
2470 3474 0
1461 -4651 0
-1026 761 0
1110 1948 0
-512 -5756 0
-738 -3250 0
370 -1476 0
1028 -323 0
2476 2215 0
-3486 -2787 0
-2718 -3962 0
-2078 394 0
-300 -2172 0
1729 649 0
334 1890 0
878 -5266 0
2247 903 0
1550 4310 0
-1932 402 0
281 3610 0
512 4132 0
-841 1333 0
-1798 829 0
-1068 2955 0
1929 -2827 0
3916 -3648 0
1848 3263 0
-888 4784 0
1448 6216 0
-149 -3521 0
2774 -2006 0
2847 2732 0
-747 -3741 0
-1950 4687 0
-457 476 0
3836 -7 0
1960 2860 0
2220 -8350 0
-1838 1392 0
24 3149 0
-428 -1015 0
-3658 4043 0
1510 -366 0
-750 -870 0
-1148 -724 0
-3189 -2845 0
1354 -5590 0
2276 -1702 0
-199 5241 0
-90 -1346 0
-2432 -3642 0
4265 3160 0
936 1660 0
2755 -3665 0
4114 1303 0
-852 1527 0
-3977 -4165 0
-6608 1396 0
-1488 3113 0
-4112 176 0
-2896 -424 0
-3483 1569 0
482 3658 0
4755 -1376 0
-1301 -2403 0
438 -159 0
-123 716 0
1142 -1359 0
-512 -5756 0
-738 -3250 0
370 -1476 0
1028 -323 0
2476 2215 0
-3486 -2787 0
-2718 -3962 0
-2078 394 0
1024 -4944 0
-622 1857 0
-122 -1037 0
-1848 -1487 0
-356 2644 0
621 3258 0
-1409 -538 0
-2509 4052 0
3920 7240 0
-1083 2837 0
-3909 4002 0
4219 2940 0
4 -1040 0
-3960 -2798 0
-1961 -907 0
1030 -2247 0
424 0 0
1420 1935 0
867 1256 0
-226 2651 0
-1536 -3428 0
-3460 -4010 0
515 -1629 0
-4078 399 0
0 1872 0
5771 1039 0
3018 1433 0
-2703 -3544 0
-5900 -1740 0
2843 1921 0
-51 -1679 0
86 623 0
-2472 600 0
-4398 -1639 0
2244 483 0
-2072 -3723 0
3428 428 0
4853 2714 0
2119 -3068 0
3597 156 0
1872 1448 0
439 3599 0
1463 -5340 0
6339 -3332 0
2220 4960 0
1106 -4806 0
-641 613 0
-4378 -1179 0
1024 -1448 0
-16 5319 0
-2989 -702 0
-2942 -817 0
-1536 356 0
3818 -1426 0
2871 -4653 0
294 -1671 0
0 1024 0
-5607 3133 0
-572 -95 0
3329 -2576 0
-2116 3612 0
-1725 -1349 0
-1443 277 0
1862 -1829 0
1024 -4944 0
-622 1857 0
-122 -1037 0
-1848 -1487 0
-356 2644 0
621 3258 0
-1409 -538 0
0 0 0
0 0 0
0 0 0
0 0 0
0 0 0
0 0 0
0 0 0
0 0 0
0 0 0
0 0 0
0 0 0
0 0 0
0 0 0
0 0 0
0 0 0
0 0 0
0 0 0
0 0 0
0 0 0
0 0 0
0 0 0
0 0 0
0 0 0
0 0 0
0 0 0
0 0 0
0 0 0
0 0 0
0 0 0
0 0 0
0 0 0
0 0 0
0 0 0
0 0 0
0 0 0
0 0 0
0 0 0
0 0 0
0 0 0
0 0 0
0 0 0
0 0 0
0 0 0
0 0 0
0 0 0
0 0 0
0 0 0
0 0 0
0 0 0
0 0 0
0 0 0
0 0 0
0 0 0
0 0 0
0 0 0
0 0 0
0 0 0
0 0 0
0 0 0
0 0 0
0 0 0
0 0 0
0 0 0
0 0 0
0 0 0
0 0 0
0 0 0
0 0 0
0 0 0
0 0 0
0 0 0
0 0 0
0 0 0
0 0 0
0 0 0
0 0 0
0 0 0
0 0 0
0 0 0
0 0 0
0 0 0
0 0 0
0 0 0
0 0 0
0 0 0
0 0 0
0 0 0
0 0 0
0 0 0
0 0 0
0 0 0
0 0 0
0 0 0
0 0 0
0 0 0
0 0 0
0 0 0
0 0 0
0 0 0
0 0 0
0 0 0
0 0 0
0 0 0
0 0 0
0 0 0
0 0 0
0 0 0
0 0 0
0 0 0
0 0 0
0 0 0
0 0 0
0 0 0
0 0 0
0 0 0
0 0 0
0 0 0
0 0 0
0 0 0
0 0 0
0 0 0
0 0 0
0 0 0
0 0 0
0 0 0
0 0 0
0 0 0
0 0 0
0 0 0
0 0 0
0 0 0
0 0 0
0 0 0
0 0 0
0 0 0
0 0 0
0 0 0
0 0 0
0 0 0
0 0 0
0 0 0
0 0 0
0 0 0
0 0 0
0 0 0
0 0 0
0 0 0
0 0 0
0 0 0
0 0 0
0 0 0
0 0 0
0 0 0
0 0 0
0 0 0
0 0 0
0 0 0
0 0 0
0 0 0
0 0 0
0 0 0
0 0 0
0 0 0
0 0 0
0 0 0
0 0 0
0 0 0
0 0 0
0 0 0
0 0 0
0 0 0
0 0 0
0 0 0
0 0 0
0 0 0
0 0 0
0 0 0
0 0 0
0 0 0
0 0 0
0 0 0
0 0 0
0 0 0
0 0 0
0 0 0
0 0 0
0 0 0
0 0 0
0 0 0
0 0 0
0 0 0
0 0 0
0 0 0
0 0 0
0 0 0
0 0 0
0 0 0
0 0 0
0 0 0
0 0 0
