0 0 0
0 0 0
0 0 0
0 0 0
0 0 0
0 0 0
0 0 0
0 0 0
0 0 0
0 0 0
0 0 0
0 0 0
0 0 0
0 0 0
0 0 0
0 0 0
0 0 0
0 0 0
0 0 0
0 0 0
0 0 0
0 0 0
0 0 0
0 0 0
0 0 0
0 0 0
0 0 0
0 0 0
0 0 0
0 0 0
0 0 0
0 0 0
0 0 0
0 0 0
0 0 0
0 0 0
0 0 0
0 0 0
0 0 0
0 0 0
0 0 0
0 0 0
0 0 0
0 0 0
0 0 0
0 0 0
0 0 0
0 0 0
0 0 0
0 0 0
0 0 0
0 0 0
0 0 0
0 0 0
0 0 0
0 0 0
0 0 0
0 0 0
0 0 0
0 0 0
0 0 0
0 0 0
0 0 0
0 0 0
0 0 0
0 0 0
0 0 0
0 0 0
0 0 0
0 0 0
0 0 0
0 0 0
0 0 0
0 0 0
0 0 0
0 0 0
0 0 0
0 0 0
0 0 0
0 0 0
0 0 0
0 0 0
0 0 0
0 0 0
0 0 0
0 0 0
0 0 0
0 0 0
0 0 0
0 0 0
0 0 0
0 0 0
0 0 0
0 0 0
0 0 0
0 0 0
0 0 0
0 0 0
0 0 0
0 0 0
1507 1507 0
-4340 77 0
-441 -2573 0
4678 -415 0
3015 0 0
4678 -415 0
-441 -2573 0
-4340 77 0
1507 1507 0
77 -4340 0
-2573 -441 0
-415 4678 0
0 3015 0
-415 4678 0
-2573 -441 0
77 -4340 0
1507 1507 0
-4340 77 0
-441 -2573 0
4678 -415 0
3015 0 0
4678 -415 0
-441 -2573 0
-4340 77 0
1507 1507 0
77 -4340 0
-2573 -441 0
-415 4678 0
0 3015 0
-415 4678 0
-2573 -441 0
77 -4340 0
1507 1507 0
-4340 77 0
-441 -2573 0
4678 -415 0
3015 0 0
4678 -415 0
-441 -2573 0
-4340 77 0
1507 1507 0
77 -4340 0
-2573 -441 0
-415 4678 0
0 3015 0
-415 4678 0
-2573 -441 0
77 -4340 0
1507 1507 0
-4340 77 0
-441 -2573 0
4678 -415 0
3015 0 0
4678 -415 0
-441 -2573 0
-4340 77 0
1507 1507 0
77 -4340 0
-2573 -441 0
-415 4678 0
0 3015 0
-415 4678 0
-2573 -441 0
77 -4340 0
1507 1507 0
-4340 77 0
-441 -2573 0
4678 -415 0
3015 0 0
4678 -415 0
-441 -2573 0
-4340 77 0
1507 1507 0
77 -4340 0
-2573 -441 0
-415 4678 0
0 3015 0
-415 4678 0
-2573 -441 0
77 -4340 0
1507 1507 0
-4340 77 0
-441 -2573 0
4678 -415 0
3015 0 0
4678 -415 0
-441 -2573 0
-4340 77 0
1507 1507 0
77 -4340 0
-2573 -441 0
-415 4678 0
0 3015 0
-415 4678 0
-2573 -441 0
77 -4340 0
1507 1507 0
-4340 77 0
-441 -2573 0
4678 -415 0
3015 0 0
4678 -415 0
-441 -2573 0
-4340 77 0
1507 1507 0
77 -4340 0
-2573 -441 0
-415 4678 0
0 3015 0
-415 4678 0
-2573 -441 0
77 -4340 0
1507 1507 0
-4340 77 0
-441 -2573 0
4678 -415 0
3015 0 0
4678 -415 0
-441 -2573 0
-4340 77 0
1507 1507 0
77 -4340 0
-2573 -441 0
-415 4678 0
0 3015 0
-415 4678 0
-2573 -441 0
77 -4340 0
1507 1507 0
-4340 77 0
-441 -2573 0
4678 -415 0
3015 0 0
4678 -415 0
-441 -2573 0
-4340 77 0
1507 1507 0
77 -4340 0
-2573 -441 0
-415 4678 0
0 3015 0
-415 4678 0
-2573 -441 0
77 -4340 0
1507 1507 0
-4340 77 0
-441 -2573 0
4678 -415 0
3015 0 0
4678 -415 0
-441 -2573 0
-4340 77 0
1507 1507 0
77 -4340 0
-2573 -441 0
-415 4678 0
0 3015 0
-415 4678 0
-2573 -441 0
77 -4340 0
-5120 0 0
403 -3198 0
3005 -3469 0
-3011 -3773 0
-92 -1762 0
2460 2426 0
-4172 672 0
-3994 543 0
-1148 4944 0
-1850 714 0
-1976 -2664 0
2279 -463 0
2694 -3026 0
-4301 -2137 0
-1875 -1288 0
1210 -3223 0
2048 2048 0
3907 134 0
-737 -5264 0
1922 490 0
802 1918 0
-4483 1553 0
32 3768 0
1748 -134 0
3196 848 0
-1256 3479 0
-3773 1808 0
1960 2874 0
692 -914 0
3173 -2713 0
1303 3642 0
-168 3943 0
5120 0 0
-168 -3943 0
1303 -3642 0
3173 2713 0
692 914 0
1960 -2874 0
-3773 -1808 0
-1256 -3479 0
3196 -848 0
1748 134 0
32 -3768 0
-4483 -1553 0
802 -1918 0
1922 -490 0
-737 5264 0
3907 -134 0
2048 -2048 0
1210 3223 0
-1875 1288 0
-4301 2137 0
2694 3026 0
2279 463 0
-1976 2664 0
-1850 -714 0
-1148 -4944 0
-3994 -543 0
-4172 -672 0
2460 -2426 0
-92 1762 0
-3011 3773 0
3005 3469 0
403 3198 0
-5120 0 0
403 -3198 0
3005 -3469 0
-3011 -3773 0
-92 -1762 0
2460 2426 0
-4172 672 0
-3994 543 0
-1148 4944 0
-1850 714 0
-1976 -2664 0
2279 -463 0
2694 -3026 0
-4301 -2137 0
-1875 -1288 0
1210 -3223 0
2048 2048 0
3907 134 0
-737 -5264 0
1922 490 0
802 1918 0
-4483 1553 0
32 3768 0
1748 -134 0
3196 848 0
-1256 3479 0
-3773 1808 0
1960 2874 0
692 -914 0
3173 -2713 0
1303 3642 0
-168 3943 0
5120 0 0
-168 -3943 0
1303 -3642 0
3173 2713 0
692 914 0
1960 -2874 0
-3773 -1808 0
-1256 -3479 0
3196 -848 0
1748 134 0
32 -3768 0
-4483 -1553 0
802 -1918 0
1922 -490 0
-737 5264 0
3907 -134 0
2048 -2048 0
1210 3223 0
-1875 1288 0
-4301 2137 0
2694 3026 0
2279 463 0
-1976 2664 0
-1850 -714 0
-1148 -4944 0
-3994 -543 0
-4172 -672 0
2460 -2426 0
-92 1762 0
-3011 3773 0
3005 3469 0
403 3198 0
-5120 0 0
403 -3198 0
3005 -3469 0
-3011 -3773 0
-92 -1762 0
2460 2426 0
-4172 672 0
-3994 543 0
-1148 4944 0
-1850 714 0
-1976 -2664 0
2279 -463 0
2694 -3026 0
-4301 -2137 0
-1875 -1288 0
1210 -3223 0
2048 2048 0
3907 134 0
-737 -5264 0
1922 490 0
802 1918 0
-4483 1553 0
32 3768 0
1748 -134 0
3196 848 0
-1256 3479 0
-3773 1808 0
1960 2874 0
692 -914 0
3173 -2713 0
1303 3642 0
-168 3943 0
0 2048 0
-539 -109 0
-2882 -1185 0
-5269 -4060 0
-2414 -2062 0
-990 2884 0
3032 -2982 0
5063 -3946 0
2172 -1024 0
-1533 -423 0
-1086 2178 0
-1310 10 0
-1296 -170 0
6103 -2426 0
2116 -1824 0
-700 8397 0
5120 0 0
-700 -8398 0
2115 1824 0
6103 2426 0
-1296 170 0
-1310 -10 0
-1086 -2178 0
-1533 422 0
2172 1024 0
5062 3947 0
3032 2982 0
-990 -2883 0
-2414 2062 0
-5269 4060 0
-2882 1185 0
-540 109 0
0 -2048 0
3479 1651 0
-134 -447 0
1695 -5088 0
3262 614 0
-1550 76 0
2200 -3854 0
575 -2138 0
-2172 -1024 0
359 891 0
-1250 874 0
-2830 -1826 0
-3648 -1278 0
-1641 2486 0
-1996 1888 0
-912 -2703 0
3072 0 0
-912 2704 0
-1995 -1888 0
-1641 -2486 0
-3648 1278 0
-2830 1826 0
-1250 -874 0
359 -890 0
-2172 1024 0
576 2137 0
2200 3854 0
-1550 -77 0
3262 -614 0
1695 5088 0
-134 447 0
3480 -1651 0
0 2048 0
-539 -109 0
-2882 -1185 0
-5269 -4060 0
-2414 -2062 0
-990 2884 0
3032 -2982 0
5063 -3946 0
2172 -1024 0
-1533 -423 0
-1086 2178 0
-1310 10 0
-1296 -170 0
6103 -2426 0
2116 -1824 0
-700 8397 0
-2048 0 0
-1030 5369 0
4708 536 0
4981 -4084 0
1716 -1338 0
-683 -2172 0
-1893 -1029 0
1546 230 0
3796 3320 0
404 882 0
-74 342 0
472 4086 0
-1825 -2446 0
427 -3933 0
2368 -5357 0
-1032 -4163 0
-1024 4097 0
-551 -2357 0
-2766 -7060 0
540 -4134 0
3718 -553 0
1488 2502 0
1211 -56 0
-606 2841 0
-5244 1873 0
-3584 -365 0
191 979 0
89 -3471 0
-932 -2122 0
-3174 -2046 0
-2700 -602 0
2330 4404 0
2048 2048 0
-1960 1717 0
-140 -1984 0
2719 -1503 0
932 1337 0
-829 -2850 0
2217 2477 0
5986 -393 0
2349 -5368 0
-2320 3506 0
399 1106 0
-105 -1072 0
-3718 2446 0
960 -55 0
2201 3909 0
-3214 4436 0
1024 -2048 0
4797 2630 0
-1803 5613 0
-1927 145 0
1825 554 0
-1855 512 0
-1536 1505 0
2522 1547 0
-901 -3921 0
-3947 201 0
-516 469 0
1423 -1551 0
-1716 2121 0
-4526 -3541 0
-1868 -847 0
660 2682 0
-2048 0 0
-1030 5369 0
4708 536 0
4981 -4084 0
1716 -1338 0
-683 -2172 0
-1893 -1029 0
1546 230 0
3796 3320 0
404 882 0
-74 342 0
472 4086 0
-1825 -2446 0
427 -3933 0
2368 -5357 0
-1032 -4163 0
1024 -1024 0
-1273 -484 0
1238 435 0
-1081 2701 0
-4534 3622 0
-761 3931 0
-2046 133 0
-591 4458 0
1024 3372 0
-3918 -5459 0
-1814 -1860 0
743 2241 0
1298 -1177 0
3237 -1075 0
623 5257 0
-1109 1715 0
-1024 -4096 0
-474 3521 0
-1023 3554 0
-2271 -1274 0
594 716 0
1216 657 0
2952 -2260 0
3718 -3499 0
-2472 1923 0
-1447 3863 0
343 2141 0
166 2631 0
5318 2839 0
2887 4739 0
770 -703 0
2572 -1449 0
-1024 1025 0
-1359 -5169 0
-1735 414 0
-3397 1822 0
-1859 -3622 0
-1387 -1872 0
-815 -5077 0
-752 386 0
1024 4819 0
1246 -2281 0
-2246 -3084 0
-2003 -1404 0
-3594 1176 0
-1035 -552 0
5873 -4409 0
2941 1042 0
1024 4095 0
-1358 -764 0
-5473 -2706 0
69 -353 0
1702 -717 0
44 180 0
1108 -2685 0
-1046 -4241 0
424 6268 0
2791 982 0
2517 -7085 0
1982 -572 0
1074 -2838 0
1591 -216 0
-274 1552 0
60 -4204 0
1024 -1024 0
-1273 -484 0
1238 435 0
-1081 2701 0
-4534 3622 0
-761 3931 0
-2046 133 0
-591 4458 0
1024 3372 0
-3918 -5459 0
-1814 -1860 0
743 2241 0
1298 -1177 0
3237 -1075 0
623 5257 0
-1109 1715 0
1564 1564 0
-4504 80 0
-458 -2670 0
4854 -430 0
3128 0 0
4854 -430 0
-458 -2670 0
-4504 80 0
1564 1564 0
80 -4504 0
-2670 -458 0
-430 4854 0
0 3128 0
-430 4854 0
-2670 -458 0
80 -4504 0
1564 1564 0
-4504 80 0
-458 -2670 0
4854 -430 0
3128 0 0
4854 -430 0
-458 -2670 0
-4504 80 0
1564 1564 0
80 -4504 0
-2670 -458 0
-430 4854 0
0 3128 0
-430 4854 0
-2670 -458 0
80 -4504 0
1564 1564 0
-4504 80 0
-458 -2670 0
4854 -430 0
3128 0 0
4854 -430 0
-458 -2670 0
-4504 80 0
1564 1564 0
80 -4504 0
-2670 -458 0
-430 4854 0
0 3128 0
-430 4854 0
-2670 -458 0
80 -4504 0
1564 1564 0
-4504 80 0
-458 -2670 0
4854 -430 0
3128 0 0
4854 -430 0
-458 -2670 0
-4504 80 0
1564 1564 0
80 -4504 0
-2670 -458 0
-430 4854 0
0 3128 0
-430 4854 0
-2670 -458 0
80 -4504 0
1564 1564 0
-4504 80 0
-458 -2670 0
4854 -430 0
3128 0 0
4854 -430 0
-458 -2670 0
-4504 80 0
1564 1564 0
80 -4504 0
-2670 -458 0
-430 4854 0
0 3128 0
-430 4854 0
-2670 -458 0
80 -4504 0
2048 1024 0
3907 645 0
-737 -5109 0
1922 -356 0
802 3334 0
-4483 -185 0
32 5497 0
1748 -1505 0
3196 1572 0
-1256 3574 0
-3773 884 0
1960 4470 0
692 -2884 0
3173 -748 0
1303 2067 0
-168 4817 0
5120 0 0
-168 -4817 0
1303 -2067 0
3173 748 0
692 2884 0
1960 -4470 0
-3773 -884 0
-1256 -3574 0
3196 -1572 0
1748 1505 0
32 -5497 0
-4483 185 0
802 -3334 0
1922 356 0
-737 5109 0
3907 -645 0
2048 -1024 0
1210 1928 0
-1875 2581 0
-4301 1091 0
2694 3658 0
2279 308 0
-1976 2383 0
-1850 -126 0
-1148 -5668 0
-3994 146 0
-4172 -1196 0
2460 -2130 0
-92 1684 0
-3011 3700 0
3005 3597 0
403 3107 0
-5120 0 0
403 -3107 0
3005 -3597 0
-3011 -3700 0
-92 -1684 0
2460 2130 0
-4172 1196 0
-3994 -146 0
-1148 5668 0
-1850 126 0
-1976 -2383 0
2279 -308 0
2694 -3658 0
-4301 -1091 0
-1875 -2581 0
1210 -1928 0
2048 1024 0
3907 645 0
-737 -5109 0
1922 -356 0
802 3334 0
-4483 -185 0
32 5497 0
1748 -1505 0
3196 1572 0
-1256 3574 0
-3773 884 0
1960 4470 0
692 -2884 0
3173 -748 0
1303 2067 0
-168 4817 0
3108 2560 0
-2344 -1744 0
-1839 -4589 0
-976 2386 0
-319 -686 0
683 -1702 0
-3683 -3017 0
2185 -68 0
300 724 0
-3764 -2586 0
3236 213 0
4230 -1082 0
-1332 880 0
1866 3331 0
4673 1810 0
2302 -2746 0
1236 -2984 0
-1660 2486 0
3337 -1618 0
280 -1624 0
711 -1487 0
-25 -2450 0
-6521 4227 0
35 2380 0
-2896 -1024 0
-698 -3430 0
-245 -3990 0
1523 1137 0
3386 1742 0
-4980 2501 0
874 -5 0
3774 -5720 0
2684 -1112 0
460 928 0
2901 -1537 0
5352 3682 0
1343 1110 0
-3049 -2338 0
-3679 1899 0
1401 -588 0
-4644 -724 0
1176 -270 0
4274 -3339 0
-500 -1964 0
2356 -456 0
618 -2581 0
3253 -576 0
-1086 4534 0
-1236 -1360 0
-1400 -1262 0
-5599 1952 0
-3808 -1716 0
-1735 3959 0
1543 3426 0
-1301 2683 0
1323 4476 0
1448 -1872 0
-1658 -4010 0
-273 1324 0
-4405 9069 0
-4410 730 0
1648 -1883 0
592 4563 0
-46 -572 0
3108 2560 0
-2344 -1744 0
-1839 -4589 0
-976 2386 0
-319 -686 0
683 -1702 0
-3683 -3017 0
2185 -68 0
-2048 -1024 0
2586 -1685 0
-387 1302 0
-405 1840 0
-4562 2300 0
-3480 -1724 0
3397 -2549 0
-2779 850 0
-4644 724 0
-538 240 0
4837 -597 0
-959 424 0
752 -42 0
4800 1248 0
-3573 -2053 0
3045 -503 0
1024 600 0
-2061 -3743 0
2474 911 0
-1804 796 0
558 6952 0
-2138 2978 0
-6001 -2841 0
1210 1178 0
3620 -3196 0
1936 2222 0
-1753 3467 0
-1234 4625 0
2248 42 0
-4061 -3519 0
-2085 4633 0
1463 -169 0
600 -424 0
1106 -513 0
-3359 -3508 0
-2609 -88 0
-3454 4516 0
-1284 -1112 0
-1375 -5697 0
-2907 3866 0
1748 2172 0
614 -468 0
2129 -657 0
2395 -2412 0
2320 1066 0
238 -344 0
-1021 1047 0
-2035 3249 0
-2472 -2048 0
1357 369 0
-1976 3343 0
2142 -4856 0
1666 -2184 0
130 -1930 0
3131 -4945 0
3368 3774 0
7964 3196 0
3192 -2214 0
3827 -4261 0
2474 -2729 0
-5320 -1066 0
-2397 -1389 0
1735 821 0
-1365 1739 0
-2048 -1024 0
2586 -1685 0
-387 1302 0
-405 1840 0
-4562 2300 0
-3480 -1724 0
3397 -2549 0
-2779 850 0
-3708 -5332 0
3185 143 0
370 444 0
-2366 -3971 0
2176 2419 0
-753 3491 0
1502 -273 0
840 2008 0
424 -2172 0
2744 74 0
-878 -1244 0
-3735 101 0
-4464 4411 0
-986 -1505 0
677 449 0
3964 4420 0
-1236 2260 0
-7376 -575 0
3570 4340 0
3562 280 0
1001 -4818 0
1281 -1560 0
-2259 -2251 0
736 1549 0
-724 5368 0
326 4420 0
592 -1600 0
-855 2592 0
4517 3214 0
2789 853 0
-45 2211 0
1096 302 0
-2084 5332 0
-3441 -2081 0
1574 376 0
1334 -1223 0
-728 -6163 0
1259 -1079 0
-718 -9515 0
320 346 0
-424 2172 0
-4796 -1110 0
-1734 1752 0
5 -4251 0
-3128 533 0
-1960 -473 0
1215 -2693 0
-948 -836 0
-1660 -2260 0
640 -2839 0
4374 1832 0
5718 818 0
447 -3022 0
-587 1364 0
1475 951 0
3216 193 0
-2172 424 0
-5266 1968 0
3716 -108 0
2129 -2538 0
179 -2366 0
1357 -1091 0
-1847 5329 0
-3432 210 0
-3708 -5332 0
3185 143 0
370 444 0
-2366 -3971 0
2176 2419 0
-753 3491 0
1502 -273 0
840 2008 0
3832 3708 0
-1236 -1615 0
1783 -2378 0
1107 3706 0
-4668 4596 0
-3190 3349 0
-1218 5371 0
1967 900 0
-424 -1448 0
-1874 6641 0
-166 -202 0
2900 -5622 0
1283 2939 0
-2243 -1009 0
-3846 -1910 0
-3689 -872 0
936 -2260 0
5710 1815 0
3448 -2895 0
385 -1924 0
604 5710 0
-2235 3062 0
-634 -372 0
-232 -22 0
3620 -2596 0
2206 -2823 0
-3730 -1560 0
-340 -4860 0
-771 -3441 0
788 -992 0
-3088 560 0
63 -972 0
3408 -812 0
-816 3501 0
2637 -5242 0
355 -1418 0
2020 4692 0
998 -5269 0
-414 -1587 0
-723 864 0
-3920 -1448 0
-3190 -2407 0
638 462 0
2880 5226 0
-2731 -291 0
-453 959 0
-2990 342 0
-1957 492 0
512 2260 0
-3658 -3701 0
324 627 0
33 892 0
4940 -518 0
4427 -1142 0
570 -3412 0
244 4570 0
3620 2596 0
2858 -1411 0
-4934 -396 0
872 -4192 0
-677 -2103 0
1908 1042 0
36 1008 0
-3865 3232 0
3832 3708 0
-1236 -1615 0
1783 -2378 0
1107 3706 0
-4668 4596 0
-3190 3349 0
-1218 5371 0
1967 900 0
5756 -6480 0
1647 3666 0
-2394 -3874 0
-5416 1246 0
3029 -525 0
4909 -3441 0
2422 -646 0
825 -1115 0
-1148 3620 0
-2775 -2079 0
-872 1011 0
-40 2494 0
-2579 -3839 0
1118 3666 0
-2612 -466 0
-6175 -4523 0
-2084 1536 0
1700 2078 0
530 7382 0
587 2520 0
1927 23 0
-2919 6552 0
198 2122 0
735 89 0
-1448 -2472 0
-1221 -745 0
-375 214 0
2538 -4130 0
-923 -1785 0
-2797 2003 0
-2362 2062 0
-1820 -676 0
-2860 2136 0
-1277 -1302 0
-522 -1054 0
2188 1598 0
6259 -2971 0
357 -1091 0
1434 130 0
1175 1819 0
-1748 -2172 0
-875 -3 0
1112 3677 0
4240 618 0
-917 2391 0
-2804 826 0
1432 2310 0
-579 -637 0
-6604 -2984 0
-962 -2966 0
338 -1606 0
-2251 80 0
3265 577 0
329 3864 0
2090 -4854 0
1509 -2893 0
-1448 1024 0
3763 -1049 0
2183 42 0
-1846 -2026 0
1523 337 0
1807 1605 0
-2602 5134 0
4330 -6048 0
5756 -6480 0
1647 3666 0
-2394 -3874 0
-5416 1246 0
3029 -525 0
4909 -3441 0
2422 -646 0
825 -1115 0
-724 424 0
2932 -1433 0
1880 1488 0
2215 -2804 0
4208 4098 0
-2413 2355 0
-692 76 0
1049 1436 0
-1148 -1448 0
1093 2281 0
1543 -3143 0
2674 -3090 0
-1918 -2896 0
-3690 -1194 0
3927 1706 0
2411 3580 0
300 3496 0
2287 -2212 0
-3319 -2806 0
-3827 -6475 0
2796 -1882 0
-88 -517 0
-3108 -978 0
-43 3158 0
-2172 2472 0
-938 1567 0
2298 2271 0
-844 5206 0
-978 -4788 0
349 -1795 0
-1914 2925 0
-3629 -917 0
724 3920 0
2000 -2051 0
-3744 3356 0
-2861 3956 0
-3360 -6146 0
-1889 2001 0
5600 3420 0
-119 -288 0
-4644 2896 0
1069 -1717 0
2109 -5245 0
-1650 -3734 0
-3026 -2896 0
446 -376 0
521 -2306 0
-45 -1996 0
-300 -2048 0
-2275 -1704 0
-113 -838 0
-471 1059 0
2148 3930 0
5238 425 0
1096 4474 0
-1735 3094 0
-3620 1872 0
3720 1173 0
5138 -875 0
-5124 1786 0
130 -1004 0
3743 3197 0
362 -3525 0
415 -3971 0
-724 424 0
2932 -1433 0
1880 1488 0
2215 -2804 0
4208 4098 0
-2413 2355 0
-692 76 0
1049 1436 0
-1960 -3708 0
727 3908 0
-4983 5266 0
-8740 182 0
906 1512 0
743 -3341 0
710 -129 0
-904 -4109 0
300 -5068 0
750 3752 0
791 681 0
3880 1547 0
-2095 3451 0
-438 2120 0
4176 -4228 0
1740 -874 0
-4008 2860 0
-1812 18 0
-1541 3601 0
-4937 1016 0
586 1434 0
-3005 -1562 0
-974 -1729 0
2892 1924 0
-2896 -3920 0
-4046 -106 0
-971 3493 0
3561 -298 0
1923 -1277 0
-712 -2102 0
-1135 611 0
-2957 1178 0
512 -2084 0
4911 1886 0
-2167 -792 0
-3536 -4734 0
-1082 960 0
-2369 -1117 0
3218 -2861 0
2764 1569 0
2596 724 0
-1466 -528 0
-2893 2529 0
1492 197 0
1919 221 0
5202 1380 0
-862 1540 0
1068 3986 0
2560 -2860 0
-1150 -2824 0
851 -235 0
-911 860 0
5382 -1010 0
3523 -752 0
-906 6767 0
2938 -492 0
2896 2472 0
2086 2086 0
-671 -2959 0
999 1230 0
4045 -5291 0
-2944 -2818 0
-4227 29 0
649 -3182 0
-1960 -3708 0
727 3908 0
-4983 5266 0
-8740 182 0
906 1512 0
743 -3341 0
710 -129 0
-904 -4109 0
936 1960 0
1032 3018 0
2611 1466 0
-2847 -2697 0
-8380 -779 0
2670 -2604 0
3456 -1435 0
-1110 3271 0
1024 -5068 0
2126 -2125 0
3538 4824 0
-174 1826 0
2939 2006 0
4477 -66 0
-900 1417 0
-2121 2968 0
1536 -512 0
-935 3077 0
877 5277 0
2271 -148 0
-5711 -1954 0
-562 512 0
-3095 2122 0
-1175 1642 0
2172 1024 0
-1250 -1127 0
4934 -2370 0
810 3322 0
-1874 -1615 0
-5391 -3828 0
-1971 5770 0
3343 -1282 0
512 -512 0
-1882 5054 0
-2971 -1502 0
3989 -879 0
-908 -2117 0
-1270 -2244 0
-200 -2385 0
-1750 -1395 0
3320 724 0
2030 -241 0
826 4108 0
-3142 -1782 0
-291 -2006 0
1913 1382 0
3216 -3837 0
531 860 0
-2984 1960 0
2893 975 0
331 -4393 0
1479 -6832 0
519 -942 0
1838 -3084 0
4783 2546 0
-209 1034 0
-724 -5368 0
-4014 -439 0
-4354 -1618 0
-2386 -1002 0
-3670 1615 0
-3675 1740 0
503 1594 0
2491 1094 0
936 1960 0
1032 3018 0
2611 1466 0
-2847 -2697 0
-8380 -779 0
2670 -2604 0
3456 -1435 0
-1110 3271 0
1324 -300 0
-606 -3632 0
-4151 2697 0
2294 136 0
2340 -4654 0
-857 -2960 0
-891 -1481 0
-1940 4429 0
-1748 7964 0
-497 3124 0
1255 2191 0
1043 -295 0
-1000 -650 0
1944 442 0
985 667 0
-1794 269 0
-724 -1748 0
-1116 1630 0
-4053 540 0
-1438 -1888 0
3446 -1028 0
-5514 1045 0
-922 -95 0
3122 -3234 0
-5068 300 0
-646 2595 0
1083 -1705 0
4643 -927 0
890 3760 0
-716 1066 0
5133 2987 0
689 -1602 0
-1324 300 0
-958 7520 0
525 -1719 0
-3814 940 0
-6012 -2762 0
-3557 -2738 0
-623 2395 0
464 -721 0
300 2172 0
4963 -4618 0
479 1619 0
-2653 5245 0
-5568 -974 0
-2514 -848 0
4429 -2585 0
1058 1131 0
724 1748 0
-1012 2822 0
1535 -670 0
4746 -1864 0
3122 -244 0
-1308 -4335 0
2084 -1667 0
3926 -1582 0
-5068 -4644 0
2272 -1249 0
3327 2839 0
971 -1347 0
2782 760 0
-1462 136 0
1389 -6013 0
267 1310 0
1324 -300 0
-606 -3632 0
-4151 2697 0
2294 136 0
2340 -4654 0
-857 -2960 0
-891 -1481 0
-1940 4429 0
-2472 -424 0
2140 -1068 0
3791 1111 0
-5208 2190 0
-2052 928 0
-372 -960 0
800 1535 0
4584 1166 0
-1024 1448 0
5270 5697 0
2411 855 0
598 3660 0
-844 3740 0
-3672 -5675 0
-547 -3845 0
-3566 -1839 0
6816 -424 0
-2956 -696 0
-5369 -4575 0
3487 -3954 0
-5522 -494 0
557 1757 0
645 293 0
254 -1650 0
1448 -3920 0
-3917 -2379 0
-5329 -1217 0
-1046 934 0
734 5946 0
-3278 2479 0
677 835 0
-701 -1266 0
-1872 -3920 0
-212 -3552 0
971 -4477 0
1408 526 0
-1268 -504 0
-116 -1142 0
2070 1935 0
3760 -1106 0
-1872 1448 0
-1776 2169 0
2967 -1389 0
1296 1392 0
-1628 4524 0
-24 621 0
897 699 0
-3374 2739 0
3320 -1024 0
7968 904 0
1455 101 0
-5059 610 0
154 2966 0
2127 -2163 0
-2667 -1715 0
1478 -1566 0
-4344 1024 0
-2421 3021 0
4895 -1993 0
430 -1262 0
-1158 270 0
682 987 0
3917 263 0
1661 -574 0
-2472 -424 0
2140 -1068 0
3791 1111 0
-5208 2190 0
-2052 928 0
-372 -960 0
800 1535 0
4584 1166 0
724 1448 0
836 -2841 0
2871 -750 0
-4081 2345 0
-2822 1204 0
2918 4251 0
1119 -1179 0
2436 1025 0
3920 2172 0
929 534 0
-2851 4269 0
2845 2569 0
564 -134 0
-2963 196 0
3682 3076 0
1926 669 0
3796 -1024 0
-744 1723 0
-2019 1761 0
6889 -2129 0
-304 578 0
-1836 4433 0
-3698 1202 0
-6117 -4348 0
2896 -4644 0
-1627 3241 0
-3639 373 0
743 85 0
-2122 -760 0
2653 -4230 0
4628 -758 0
-710 -3387 0
2172 0 0
3540 925 0
175 -2636 0
-1073 -3679 0
-3146 420 0
-4018 523 0
-1165 -2533 0
1624 971 0
-2472 724 0
-1303 3650 0
1477 -1667 0
-5379 -459 0
-2436 1758 0
-411 -1620 0
-1524 2986 0
1922 -507 0
-900 2472 0
-696 433 0
173 -2471 0
1641 -5265 0
480 -5098 0
-440 2993 0
2544 -1586 0
-879 3072 0
1448 4644 0
-2631 2221 0
-1979 1121 0
8303 -3355 0
-1798 -3760 0
-5791 -4850 0
206 -1208 0
1494 809 0
724 1448 0
836 -2841 0
2871 -750 0
-4081 2345 0
-2822 1204 0
2918 4251 0
1119 -1179 0
0 0 0
0 0 0
0 0 0
0 0 0
0 0 0
0 0 0
0 0 0
0 0 0
0 0 0
0 0 0
0 0 0
0 0 0
0 0 0
0 0 0
0 0 0
0 0 0
0 0 0
0 0 0
0 0 0
0 0 0
0 0 0
0 0 0
0 0 0
0 0 0
0 0 0
0 0 0
0 0 0
0 0 0
0 0 0
0 0 0
0 0 0
0 0 0
0 0 0
0 0 0
0 0 0
0 0 0
0 0 0
0 0 0
0 0 0
0 0 0
0 0 0
0 0 0
0 0 0
0 0 0
0 0 0
0 0 0
0 0 0
0 0 0
0 0 0
0 0 0
0 0 0
0 0 0
0 0 0
0 0 0
0 0 0
0 0 0
0 0 0
0 0 0
0 0 0
0 0 0
0 0 0
0 0 0
0 0 0
0 0 0
0 0 0
0 0 0
0 0 0
0 0 0
0 0 0
0 0 0
0 0 0
0 0 0
0 0 0
0 0 0
0 0 0
0 0 0
0 0 0
0 0 0
0 0 0
0 0 0
0 0 0
0 0 0
0 0 0
0 0 0
0 0 0
0 0 0
0 0 0
0 0 0
0 0 0
0 0 0
0 0 0
0 0 0
0 0 0
0 0 0
0 0 0
0 0 0
0 0 0
0 0 0
0 0 0
0 0 0
0 0 0
0 0 0
0 0 0
0 0 0
0 0 0
0 0 0
0 0 0
0 0 0
0 0 0
0 0 0
0 0 0
0 0 0
0 0 0
0 0 0
0 0 0
0 0 0
0 0 0
0 0 0
0 0 0
0 0 0
0 0 0
0 0 0
0 0 0
0 0 0
0 0 0
0 0 0
0 0 0
0 0 0
0 0 0
0 0 0
0 0 0
0 0 0
0 0 0
0 0 0
0 0 0
0 0 0
0 0 0
0 0 0
0 0 0
0 0 0
0 0 0
0 0 0
0 0 0
0 0 0
0 0 0
0 0 0
0 0 0
0 0 0
0 0 0
0 0 0
0 0 0
0 0 0
0 0 0
0 0 0
0 0 0
0 0 0
0 0 0
0 0 0
0 0 0
0 0 0
0 0 0
0 0 0
0 0 0
0 0 0
0 0 0
0 0 0
0 0 0
0 0 0
0 0 0
0 0 0
0 0 0
0 0 0
0 0 0
0 0 0
0 0 0
0 0 0
0 0 0
0 0 0
0 0 0
0 0 0
0 0 0
0 0 0
0 0 0
0 0 0
0 0 0
0 0 0
0 0 0
0 0 0
0 0 0
0 0 0
0 0 0
0 0 0
0 0 0
0 0 0
0 0 0
0 0 0
0 0 0
0 0 0
0 0 0
0 0 0
