0 0 0
0 0 0
0 0 0
0 0 0
0 0 0
0 0 0
0 0 0
0 0 0
0 0 0
0 0 0
0 0 0
0 0 0
0 0 0
0 0 0
0 0 0
0 0 0
0 0 0
0 0 0
0 0 0
0 0 0
0 0 0
0 0 0
0 0 0
0 0 0
0 0 0
0 0 0
0 0 0
0 0 0
0 0 0
0 0 0
0 0 0
0 0 0
0 0 0
0 0 0
0 0 0
0 0 0
0 0 0
0 0 0
0 0 0
0 0 0
0 0 0
0 0 0
0 0 0
0 0 0
0 0 0
0 0 0
0 0 0
0 0 0
0 0 0
0 0 0
0 0 0
0 0 0
0 0 0
0 0 0
0 0 0
0 0 0
0 0 0
0 0 0
0 0 0
0 0 0
0 0 0
0 0 0
0 0 0
0 0 0
0 0 0
0 0 0
0 0 0
0 0 0
0 0 0
0 0 0
0 0 0
0 0 0
0 0 0
0 0 0
0 0 0
0 0 0
0 0 0
0 0 0
0 0 0
0 0 0
0 0 0
0 0 0
0 0 0
0 0 0
0 0 0
0 0 0
0 0 0
0 0 0
0 0 0
0 0 0
0 0 0
0 0 0
0 0 0
0 0 0
0 0 0
0 0 0
0 0 0
0 0 0
0 0 0
0 0 0
1507 1507 0
-4340 77 0
-441 -2573 0
4678 -415 0
3015 0 0
4678 -415 0
-441 -2573 0
-4340 77 0
1507 1507 0
77 -4340 0
-2573 -441 0
-415 4678 0
0 3015 0
-415 4678 0
-2573 -441 0
77 -4340 0
1507 1507 0
-4340 77 0
-441 -2573 0
4678 -415 0
3015 0 0
4678 -415 0
-441 -2573 0
-4340 77 0
1507 1507 0
77 -4340 0
-2573 -441 0
-415 4678 0
0 3015 0
-415 4678 0
-2573 -441 0
77 -4340 0
1507 1507 0
-4340 77 0
-441 -2573 0
4678 -415 0
3015 0 0
4678 -415 0
-441 -2573 0
-4340 77 0
1507 1507 0
77 -4340 0
-2573 -441 0
-415 4678 0
0 3015 0
-415 4678 0
-2573 -441 0
77 -4340 0
1507 1507 0
-4340 77 0
-441 -2573 0
4678 -415 0
3015 0 0
4678 -415 0
-441 -2573 0
-4340 77 0
1507 1507 0
77 -4340 0
-2573 -441 0
-415 4678 0
0 3015 0
-415 4678 0
-2573 -441 0
77 -4340 0
1507 1507 0
-4340 77 0
-441 -2573 0
4678 -415 0
3015 0 0
4678 -415 0
-441 -2573 0
-4340 77 0
1507 1507 0
77 -4340 0
-2573 -441 0
-415 4678 0
0 3015 0
-415 4678 0
-2573 -441 0
77 -4340 0
1507 1507 0
-4340 77 0
-441 -2573 0
4678 -415 0
3015 0 0
4678 -415 0
-441 -2573 0
-4340 77 0
1507 1507 0
77 -4340 0
-2573 -441 0
-415 4678 0
0 3015 0
-415 4678 0
-2573 -441 0
77 -4340 0
1507 1507 0
-4340 77 0
-441 -2573 0
4678 -415 0
3015 0 0
4678 -415 0
-441 -2573 0
-4340 77 0
1507 1507 0
77 -4340 0
-2573 -441 0
-415 4678 0
0 3015 0
-415 4678 0
-2573 -441 0
77 -4340 0
1507 1507 0
-4340 77 0
-441 -2573 0
4678 -415 0
3015 0 0
4678 -415 0
-441 -2573 0
-4340 77 0
1507 1507 0
77 -4340 0
-2573 -441 0
-415 4678 0
0 3015 0
-415 4678 0
-2573 -441 0
77 -4340 0
1507 1507 0
-4340 77 0
-441 -2573 0
4678 -415 0
3015 0 0
4678 -415 0
-441 -2573 0
-4340 77 0
1507 1507 0
77 -4340 0
-2573 -441 0
-415 4678 0
0 3015 0
-415 4678 0
-2573 -441 0
77 -4340 0
1507 1507 0
-4340 77 0
-441 -2573 0
4678 -415 0
3015 0 0
4678 -415 0
-441 -2573 0
-4340 77 0
1507 1507 0
77 -4340 0
-2573 -441 0
-415 4678 0
0 3015 0
-415 4678 0
-2573 -441 0
77 -4340 0
-5120 0 0
403 -3198 0
3005 -3469 0
-3011 -3773 0
-92 -1762 0
2460 2426 0
-4172 672 0
-3994 543 0
-1148 4944 0
-1850 714 0
-1976 -2664 0
2279 -463 0
2694 -3026 0
-4301 -2137 0
-1875 -1288 0
1210 -3223 0
2048 2048 0
3907 134 0
-737 -5264 0
1922 490 0
802 1918 0
-4483 1553 0
32 3768 0
1748 -134 0
3196 848 0
-1256 3479 0
-3773 1808 0
1960 2874 0
692 -914 0
3173 -2713 0
1303 3642 0
-168 3943 0
5120 0 0
-168 -3943 0
1303 -3642 0
3173 2713 0
692 914 0
1960 -2874 0
-3773 -1808 0
-1256 -3479 0
3196 -848 0
1748 134 0
32 -3768 0
-4483 -1553 0
802 -1918 0
1922 -490 0
-737 5264 0
3907 -134 0
2048 -2048 0
1210 3223 0
-1875 1288 0
-4301 2137 0
2694 3026 0
2279 463 0
-1976 2664 0
-1850 -714 0
-1148 -4944 0
-3994 -543 0
-4172 -672 0
2460 -2426 0
-92 1762 0
-3011 3773 0
3005 3469 0
403 3198 0
-5120 0 0
403 -3198 0
3005 -3469 0
-3011 -3773 0
-92 -1762 0
2460 2426 0
-4172 672 0
-3994 543 0
-1148 4944 0
-1850 714 0
-1976 -2664 0
2279 -463 0
2694 -3026 0
-4301 -2137 0
-1875 -1288 0
1210 -3223 0
2048 2048 0
3907 134 0
-737 -5264 0
1922 490 0
802 1918 0
-4483 1553 0
32 3768 0
1748 -134 0
3196 848 0
-1256 3479 0
-3773 1808 0
1960 2874 0
692 -914 0
3173 -2713 0
1303 3642 0
-168 3943 0
5120 0 0
-168 -3943 0
1303 -3642 0
3173 2713 0
692 914 0
1960 -2874 0
-3773 -1808 0
-1256 -3479 0
3196 -848 0
1748 134 0
32 -3768 0
-4483 -1553 0
802 -1918 0
1922 -490 0
-737 5264 0
3907 -134 0
2048 -2048 0
1210 3223 0
-1875 1288 0
-4301 2137 0
2694 3026 0
2279 463 0
-1976 2664 0
-1850 -714 0
-1148 -4944 0
-3994 -543 0
-4172 -672 0
2460 -2426 0
-92 1762 0
-3011 3773 0
3005 3469 0
403 3198 0
-5120 0 0
403 -3198 0
3005 -3469 0
-3011 -3773 0
-92 -1762 0
2460 2426 0
-4172 672 0
-3994 543 0
-1148 4944 0
-1850 714 0
-1976 -2664 0
2279 -463 0
2694 -3026 0
-4301 -2137 0
-1875 -1288 0
1210 -3223 0
2048 2048 0
3907 134 0
-737 -5264 0
1922 490 0
802 1918 0
-4483 1553 0
32 3768 0
1748 -134 0
3196 848 0
-1256 3479 0
-3773 1808 0
1960 2874 0
692 -914 0
3173 -2713 0
1303 3642 0
-168 3943 0
-3072 3072 0
-1064 -2763 0
-1234 -2119 0
-3267 -3361 0
110 -1716 0
374 6097 0
2153 2538 0
4278 -187 0
1024 1748 0
-4300 1370 0
-1682 629 0
493 -909 0
-2002 3718 0
5067 1201 0
4568 -3366 0
262 5108 0
3072 0 0
261 -5108 0
4568 3366 0
5067 -1199 0
-2002 -3718 0
492 909 0
-1682 -629 0
-4299 -1370 0
1024 -1748 0
4279 187 0
2153 -2538 0
375 -6097 0
110 1716 0
-3267 3361 0
-1234 2119 0
-1064 2762 0
-3072 -3072 0
1756 -361 0
1114 2903 0
3417 -1553 0
2786 -932 0
-4872 -557 0
183 -646 0
3930 367 0
1024 300 0
-2340 2466 0
-3550 1263 0
221 -1223 0
-894 1826 0
-1433 5989 0
-1552 4150 0
-2522 -1184 0
-1024 0 0
-2521 1184 0
-1552 -4150 0
-1433 -5991 0
-894 -1826 0
222 1223 0
-3550 -1263 0
-2341 -2466 0
1024 -300 0
3929 -367 0
183 646 0
-4873 557 0
2786 932 0
3417 1553 0
1114 -2903 0
1756 362 0
-3072 3072 0
-1064 -2763 0
-1234 -2119 0
-3267 -3361 0
110 -1716 0
374 6097 0
2153 2538 0
4278 -187 0
1024 1748 0
-4300 1370 0
-1682 629 0
493 -909 0
-2002 3718 0
5067 1201 0
4568 -3366 0
262 5108 0
-2048 -2048 0
2898 669 0
4490 -1092 0
2287 -67 0
1052 709 0
2494 -3492 0
-513 -3197 0
-1987 102 0
900 1872 0
1655 -343 0
4493 -245 0
-1056 3119 0
-5165 -399 0
-303 -4941 0
-1908 -4812 0
-2171 -982 0
-1024 4095 0
588 824 0
1509 -6515 0
1269 -5141 0
7058 1494 0
3016 1536 0
-3355 -644 0
-1855 1616 0
-2348 424 0
-53 -492 0
-1190 -1186 0
-3089 -4792 0
-267 -73 0
-481 1972 0
-2482 -2230 0
-1598 -297 0
2048 0 0
-2086 26 0
-2767 272 0
2711 -127 0
-1300 3387 0
-260 1834 0
3033 1488 0
4485 868 0
5245 -3920 0
-1612 701 0
2123 753 0
3970 -572 0
-3274 4494 0
188 -1546 0
-464 -1360 0
-5265 4752 0
1024 2048 0
6848 2944 0
863 343 0
-1154 -1344 0
1381 2602 0
-5929 1010 0
-3262 1152 0
1813 -1258 0
-3796 -2472 0
-2447 1462 0
-1331 -521 0
855 3133 0
515 4170 0
-4517 -2165 0
758 1410 0
786 990 0
-2048 -2048 0
2898 669 0
4490 -1092 0
2287 -67 0
1052 709 0
2494 -3492 0
-513 -3197 0
-1987 102 0
900 1872 0
1655 -343 0
4493 -245 0
-1056 3119 0
-5165 -399 0
-303 -4941 0
-1908 -4812 0
-2171 -982 0
-2048 0 0
530 623 0
2480 1128 0
-834 -3396 0
-2441 -2967 0
-1139 690 0
-2711 -469 0
-2101 7005 0
-125 4096 0
-1509 -5008 0
1855 -1797 0
7444 2447 0
4886 2487 0
1118 -1226 0
971 3522 0
-185 4499 0
-1024 1 0
-1399 6305 0
-1369 1819 0
-152 -1425 0
-2994 4378 0
-5483 863 0
-718 -2195 0
1308 -3048 0
-1324 2648 0
62 6410 0
1009 1539 0
544 -609 0
3224 -3750 0
2641 -1357 0
-471 -10 0
770 -342 0
2047 2048 0
884 -4515 0
-1372 -2512 0
-3943 -272 0
-1656 -3426 0
1609 2778 0
35 -1136 0
1671 -2200 0
4221 4096 0
-1137 -1363 0
-4531 -3592 0
-1620 -2130 0
-790 -191 0
-545 1108 0
138 -3338 0
-617 961 0
1024 6144 0
2200 -846 0
261 -1634 0
-422 1309 0
-1102 -2082 0
-339 -547 0
3394 -3192 0
1338 -3324 0
-2773 5544 0
368 -1605 0
1667 -3143 0
-1016 4077 0
872 -2642 0
2137 -2309 0
-637 -1374 0
-2184 -3550 0
-2048 0 0
530 623 0
2480 1128 0
-834 -3396 0
-2441 -2967 0
-1139 690 0
-2711 -469 0
-2101 7005 0
-125 4096 0
-1509 -5008 0
1855 -1797 0
7444 2447 0
4886 2487 0
1118 -1226 0
971 3522 0
-185 4499 0
1564 1564 0
-4504 80 0
-458 -2670 0
4854 -430 0
3128 0 0
4854 -430 0
-458 -2670 0
-4504 80 0
1564 1564 0
80 -4504 0
-2670 -458 0
-430 4854 0
0 3128 0
-430 4854 0
-2670 -458 0
80 -4504 0
1564 1564 0
-4504 80 0
-458 -2670 0
4854 -430 0
3128 0 0
4854 -430 0
-458 -2670 0
-4504 80 0
1564 1564 0
80 -4504 0
-2670 -458 0
-430 4854 0
0 3128 0
-430 4854 0
-2670 -458 0
80 -4504 0
1564 1564 0
-4504 80 0
-458 -2670 0
4854 -430 0
3128 0 0
4854 -430 0
-458 -2670 0
-4504 80 0
1564 1564 0
80 -4504 0
-2670 -458 0
-430 4854 0
0 3128 0
-430 4854 0
-2670 -458 0
80 -4504 0
1564 1564 0
-4504 80 0
-458 -2670 0
4854 -430 0
3128 0 0
4854 -430 0
-458 -2670 0
-4504 80 0
1564 1564 0
80 -4504 0
-2670 -458 0
-430 4854 0
0 3128 0
-430 4854 0
-2670 -458 0
80 -4504 0
1564 1564 0
-4504 80 0
-458 -2670 0
4854 -430 0
3128 0 0
4854 -430 0
-458 -2670 0
-4504 80 0
1564 1564 0
80 -4504 0
-2670 -458 0
-430 4854 0
0 3128 0
-430 4854 0
-2670 -458 0
80 -4504 0
2048 1024 0
3907 645 0
-737 -5109 0
1922 -356 0
802 3334 0
-4483 -185 0
32 5497 0
1748 -1505 0
3196 1572 0
-1256 3574 0
-3773 884 0
1960 4470 0
692 -2884 0
3173 -748 0
1303 2067 0
-168 4817 0
5120 0 0
-168 -4817 0
1303 -2067 0
3173 748 0
692 2884 0
1960 -4470 0
-3773 -884 0
-1256 -3574 0
3196 -1572 0
1748 1505 0
32 -5497 0
-4483 185 0
802 -3334 0
1922 356 0
-737 5109 0
3907 -645 0
2048 -1024 0
1210 1928 0
-1875 2581 0
-4301 1091 0
2694 3658 0
2279 308 0
-1976 2383 0
-1850 -126 0
-1148 -5668 0
-3994 146 0
-4172 -1196 0
2460 -2130 0
-92 1684 0
-3011 3700 0
3005 3597 0
403 3107 0
-5120 0 0
403 -3107 0
3005 -3597 0
-3011 -3700 0
-92 -1684 0
2460 2130 0
-4172 1196 0
-3994 -146 0
-1148 5668 0
-1850 126 0
-1976 -2383 0
2279 -308 0
2694 -3658 0
-4301 -1091 0
-1875 -2581 0
1210 -1928 0
2048 1024 0
3907 645 0
-737 -5109 0
1922 -356 0
802 3334 0
-4483 -185 0
32 5497 0
1748 -1505 0
3196 1572 0
-1256 3574 0
-3773 884 0
1960 4470 0
692 -2884 0
3173 -748 0
1303 2067 0
-168 4817 0
1600 422 0
1558 5326 0
-471 3790 0
-2700 -1406 0
-78 3835 0
168 3834 0
3563 -1362 0
8768 491 0
1671 -971 0
-1468 -5454 0
-1245 -3100 0
-1134 -2326 0
3030 1750 0
-5231 1720 0
-5208 -4107 0
5240 2068 0
-2365 -611 0
218 -557 0
2679 2310 0
-4554 222 0
-1386 -29 0
-3918 -6013 0
334 3606 0
1472 5896 0
-1618 -2318 0
608 2464 0
-2936 5156 0
-1042 1190 0
-1412 -2020 0
1916 -1813 0
4439 -2420 0
1602 3012 0
-306 -422 0
-4326 -4914 0
121 1190 0
1048 1446 0
-682 2687 0
-134 1692 0
-323 38 0
-1996 -1303 0
-5557 971 0
-1128 1726 0
2091 -3756 0
1670 -790 0
1930 -1102 0
-1021 -1944 0
-940 4043 0
2392 3092 0
-1521 -685 0
-3806 -1227 0
-2329 -4922 0
-3930 -3118 0
-3038 -2609 0
-2320 -4117 0
3438 846 0
4296 -4424 0
324 -1566 0
2404 1876 0
2090 -3260 0
1926 1874 0
-956 2668 0
936 2221 0
5057 1948 0
2482 -744 0
1600 422 0
1558 5326 0
-471 3790 0
-2700 -1406 0
-78 3835 0
168 3834 0
3563 -1362 0
8768 491 0
6614 3031 0
1241 5542 0
-517 3827 0
3662 1450 0
1761 -7754 0
-2454 -176 0
-1866 5522 0
1131 1494 0
-1348 7124 0
1095 1524 0
1165 -750 0
74 977 0
673 -631 0
2041 -1825 0
-249 -1124 0
3772 -4041 0
4135 -4324 0
-5747 1115 0
2494 -2435 0
2385 3816 0
-1053 373 0
-653 -3926 0
-504 4412 0
3595 149 0
-3238 -2644 0
-2127 90 0
-1307 1492 0
-3665 -3518 0
-3589 -1837 0
-2787 -333 0
-1535 691 0
554 2089 0
-786 209 0
-4861 5166 0
7239 -1707 0
1322 874 0
-4699 3142 0
2298 912 0
-4454 4450 0
-105 -3682 0
1348 -1944 0
-1137 -1836 0
-1355 -510 0
-3618 3319 0
2265 -3065 0
937 -4557 0
-4533 -732 0
-732 819 0
397 -1504 0
-33 85 0
-2044 -1137 0
-3753 -2412 0
2695 -2237 0
-261 -3230 0
2560 -424 0
2815 2395 0
-1942 2644 0
5317 2970 0
-491 3812 0
-1143 -842 0
1947 -943 0
1953 -1517 0
221 -5023 0
-1114 -2887 0
6614 3031 0
1241 5542 0
-517 3827 0
3662 1450 0
1761 -7754 0
-2454 -176 0
-1866 5522 0
1131 1494 0
-364 97 0
-1376 -275 0
1417 -1393 0
-957 600 0
-3409 2501 0
966 88 0
637 -108 0
728 1737 0
-1672 -972 0
304 -2228 0
-2088 -821 0
-3030 -915 0
3835 6128 0
-1382 1848 0
282 -3942 0
1471 5712 0
629 3219 0
1634 1594 0
-3373 1592 0
-1279 -3374 0
-3796 -1094 0
-5728 2934 0
117 3676 0
-1459 1336 0
-971 1672 0
1984 -1796 0
-2557 -1615 0
2803 -1590 0
1568 -2855 0
-3527 3514 0
5577 -3095 0
2936 -7083 0
2308 -745 0
1384 -2163 0
3319 -1603 0
4463 2192 0
-4441 -369 0
3266 -4376 0
1177 -4260 0
558 -983 0
4262 972 0
-6696 -1104 0
-4176 -1327 0
3302 163 0
-787 740 0
-3022 -4652 0
3930 -4396 0
135 1970 0
-1277 1313 0
2990 2924 0
-1963 2096 0
-1915 5542 0
-1306 4142 0
1744 -2202 0
501 2144 0
-1635 -786 0
4857 -376 0
2684 -1372 0
-939 -4703 0
1033 -1862 0
564 -4013 0
-403 2090 0
-1861 7389 0
-1974 2517 0
-364 97 0
-1376 -275 0
1417 -1393 0
-957 600 0
-3409 2501 0
966 88 0
637 -108 0
728 1737 0
573 2628 0
660 -7009 0
-255 399 0
-4714 -2735 0
725 -2825 0
-2888 4574 0
-4244 -692 0
1586 1691 0
1671 1620 0
-1322 1871 0
-3516 -5401 0
-2247 -1295 0
-1177 8668 0
-2040 -2940 0
-1179 1104 0
1486 1914 0
3733 800 0
-133 430 0
-4225 -1496 0
1675 -3678 0
651 -10701 0
14 4666 0
-584 2588 0
-7272 -3036 0
-323 -271 0
2562 -5173 0
5135 1682 0
6905 -1439 0
-296 1185 0
500 4478 0
-283 -1742 0
-2290 -328 0
-3165 2554 0
-2140 2033 0
85 -1095 0
-1428 1063 0
-725 281 0
1120 1538 0
436 1724 0
162 -2377 0
919 -324 0
-574 -2453 0
1804 -567 0
1843 2007 0
261 -3976 0
108 -3220 0
-2779 564 0
1306 1450 0
2743 1790 0
597 50 0
2943 -20 0
2387 -1826 0
-651 -1003 0
878 778 0
3256 424 0
2724 4422 0
-971 1567 0
-4074 1091 0
621 3906 0
3 -1253 0
1212 -1989 0
1548 -714 0
-2393 -1378 0
3058 5424 0
573 2628 0
660 -7009 0
-255 399 0
-4714 -2735 0
725 -2825 0
-2888 4574 0
-4244 -692 0
1586 1691 0
5106 -2818 0
1044 -2644 0
-630 -2975 0
-1689 719 0
236 -69 0
2397 1096 0
-812 1466 0
-3447 1164 0
-3509 2916 0
-2659 -4507 0
1132 -2239 0
4959 1198 0
-2690 -3023 0
-3213 -1071 0
144 2553 0
518 1106 0
4650 2250 0
644 -2164 0
2016 -3287 0
642 5981 0
-3194 -1112 0
2229 -2550 0
1777 -1610 0
-3992 -1448 0
-4210 1567 0
2383 -1818 0
696 1999 0
-4176 -382 0
413 3136 0
-667 281 0
-7690 -4977 0
-758 838 0
1370 -3658 0
-1612 -3268 0
1546 845 0
-2305 959 0
3428 -6295 0
2197 -3200 0
-1656 4762 0
1093 188 0
-2967 -324 0
145 1991 0
-2048 2577 0
1141 -1490 0
2690 -1669 0
-1857 -103 0
342 3483 0
-1078 3534 0
1826 342 0
-1480 1368 0
-1100 457 0
5336 3837 0
-470 -1588 0
-3439 206 0
2523 2930 0
1558 1740 0
-2266 7501 0
1533 -394 0
-1612 31 0
-3908 614 0
-413 -2332 0
2353 1233 0
5372 -835 0
6106 -3014 0
5106 -2818 0
1044 -2644 0
-630 -2975 0
-1689 719 0
236 -69 0
2397 1096 0
-812 1466 0
-3447 1164 0
-1846 -819 0
1836 6806 0
-2653 1792 0
-4677 1472 0
289 1439 0
1468 1021 0
3004 -46 0
-887 -5344 0
2642 -2591 0
1575 -2770 0
-190 2398 0
4934 -223 0
4832 -6428 0
-1540 878 0
-1461 1311 0
-582 4089 0
-3946 3409 0
5472 -1818 0
-620 -438 0
1061 276 0
8221 29 0
-3524 -15 0
1254 -1259 0
1438 -353 0
-1944 1349 0
1582 -991 0
2158 1866 0
-2515 -1350 0
-3695 -6447 0
1106 -4138 0
-874 -190 0
-1601 4283 0
-2688 171 0
1416 3190 0
-519 2440 0
43 504 0
2603 3441 0
-6776 -3695 0
-2908 942 0
-1641 2688 0
-3938 -1295 0
-2271 -910 0
1118 -2 0
1826 2911 0
-3300 30 0
-736 2586 0
-983 -1261 0
-270 -5217 0
708 2419 0
188 68 0
4012 90 0
3389 1488 0
-749 271 0
-3248 5417 0
-2646 1659 0
478 -2135 0
648 -2643 0
434 -5409 0
4462 -378 0
359 418 0
-3017 -2699 0
-2158 -222 0
2022 1436 0
3821 -3509 0
-1846 -819 0
1836 6806 0
-2653 1792 0
-4677 1472 0
289 1439 0
1468 1021 0
3004 -46 0
-887 -5344 0
-1371 -1510 0
1195 47 0
2326 335 0
-2718 -1719 0
3830 -2919 0
-3386 -3495 0
-3587 -429 0
597 -1775 0
52 3885 0
-803 2202 0
-2820 2259 0
-2506 2279 0
-1703 -4542 0
1068 1544 0
-1881 -4224 0
3026 -1044 0
-645 2080 0
-3987 -4730 0
-1776 15 0
-4598 -166 0
4996 -561 0
1365 277 0
-183 1746 0
3360 -2171 0
-323 -1672 0
211 528 0
-1184 -3839 0
137 -2975 0
2851 1342 0
5302 2250 0
-532 -6999 0
-4012 -2474 0
77 3454 0
1103 1325 0
92 829 0
1090 -3959 0
3562 -587 0
-1558 2143 0
-1867 5817 0
1611 5263 0
-52 -649 0
-437 -1064 0
1500 167 0
-58 2533 0
629 1794 0
-628 -440 0
-4219 32 0
3070 3168 0
-1945 -136 0
-5607 -3066 0
810 -3927 0
1530 -570 0
564 -1113 0
-2569 -7151 0
1909 2942 0
2416 1423 0
1619 -272 0
2073 8422 0
-1540 4161 0
-1277 913 0
3403 1406 0
1478 1206 0
-2592 1115 0
3508 1274 0
-1371 -1510 0
1195 47 0
2326 335 0
-2718 -1719 0
3830 -2919 0
-3386 -3495 0
-3587 -429 0
597 -1775 0
3165 2840 0
-907 -4644 0
-2480 629 0
408 1932 0
-2444 4024 0
4095 624 0
-2728 -5020 0
-926 262 0
4586 -2267 0
-207 -1177 0
923 -1835 0
-2079 -3746 0
2008 1941 0
2211 1209 0
-3152 1963 0
-4354 1641 0
-4385 -4136 0
-755 -3052 0
1908 3405 0
1794 94 0
-556 -2704 0
-4193 1030 0
-820 -2964 0
2007 -1316 0
-3886 2319 0
3768 280 0
4611 917 0
-6253 -583 0
-1340 -1717 0
1392 -458 0
-2143 -2152 0
-365 -5329 0
-573 -898 0
-1463 224 0
3320 -3571 0
1448 -1800 0
4276 -1656 0
1623 -268 0
-1892 -524 0
4682 3258 0
-7178 5505 0
-2835 969 0
4217 3971 0
629 2478 0
2952 5229 0
2213 5853 0
3392 105 0
-5110 2813 0
-795 -398 0
1061 832 0
-1768 833 0
1350 -2486 0
-1276 -2256 0
2335 -4902 0
-2108 2788 0
399 4844 0
1294 -377 0
-806 -764 0
2221 -1757 0
-2477 -3215 0
-1028 -273 0
2832 4240 0
1683 -1968 0
-1511 1155 0
3165 2840 0
-907 -4644 0
-2480 629 0
408 1932 0
-2444 4024 0
4095 624 0
-2728 -5020 0
-926 262 0
-2802 2153 0
235 -5488 0
-1978 -1096 0
2662 -5436 0
3205 -456 0
-2259 2356 0
4580 2760 0
292 306 0
919 -648 0
3273 3077 0
-3494 -1316 0
-1622 1643 0
1456 1885 0
-1355 1018 0
-1539 246 0
701 -3349 0
-5012 -53 0
-5036 1241 0
516 3460 0
903 -867 0
468 -1379 0
2041 7334 0
2543 536 0
1159 -3349 0
1295 2319 0
1238 -780 0
336 -1888 0
-6361 -988 0
-4884 -1777 0
3465 1314 0
3753 2082 0
1814 1764 0
-438 -211 0
-1999 -1592 0
-3506 2116 0
-1458 1928 0
-1721 -112 0
-835 -2124 0
876 -3288 0
-236 1572 0
1671 648 0
4367 -4019 0
3934 -1044 0
-5978 1253 0
-1488 137 0
1333 -1854 0
-3583 -1058 0
1831 -2909 0
-816 -3185 0
3936 2587 0
2376 -2648 0
-2343 -4619 0
1932 -1937 0
-671 454 0
845 1824 0
2789 -3877 0
2591 1567 0
-1590 4658 0
-3368 2416 0
-1215 76 0
-1560 1051 0
-959 2178 0
2885 -3102 0
1882 6494 0
-2802 2153 0
235 -5488 0
-1978 -1096 0
2662 -5436 0
3205 -456 0
-2259 2356 0
4580 2760 0
0 0 0
0 0 0
0 0 0
0 0 0
0 0 0
0 0 0
0 0 0
0 0 0
0 0 0
0 0 0
0 0 0
0 0 0
0 0 0
0 0 0
0 0 0
0 0 0
0 0 0
0 0 0
0 0 0
0 0 0
0 0 0
0 0 0
0 0 0
0 0 0
0 0 0
0 0 0
0 0 0
0 0 0
0 0 0
0 0 0
0 0 0
0 0 0
0 0 0
0 0 0
0 0 0
0 0 0
0 0 0
0 0 0
0 0 0
0 0 0
0 0 0
0 0 0
0 0 0
0 0 0
0 0 0
0 0 0
0 0 0
0 0 0
0 0 0
0 0 0
0 0 0
0 0 0
0 0 0
0 0 0
0 0 0
0 0 0
0 0 0
0 0 0
0 0 0
0 0 0
0 0 0
0 0 0
0 0 0
0 0 0
0 0 0
0 0 0
0 0 0
0 0 0
0 0 0
0 0 0
0 0 0
0 0 0
0 0 0
0 0 0
0 0 0
0 0 0
0 0 0
0 0 0
0 0 0
0 0 0
0 0 0
0 0 0
0 0 0
0 0 0
0 0 0
0 0 0
0 0 0
0 0 0
0 0 0
0 0 0
0 0 0
0 0 0
0 0 0
0 0 0
0 0 0
0 0 0
0 0 0
0 0 0
0 0 0
0 0 0
0 0 0
0 0 0
0 0 0
0 0 0
0 0 0
0 0 0
0 0 0
0 0 0
0 0 0
0 0 0
0 0 0
0 0 0
0 0 0
0 0 0
0 0 0
0 0 0
0 0 0
0 0 0
0 0 0
0 0 0
0 0 0
0 0 0
0 0 0
0 0 0
0 0 0
0 0 0
0 0 0
0 0 0
0 0 0
0 0 0
0 0 0
0 0 0
0 0 0
0 0 0
0 0 0
0 0 0
0 0 0
0 0 0
0 0 0
0 0 0
0 0 0
0 0 0
0 0 0
0 0 0
0 0 0
0 0 0
0 0 0
0 0 0
0 0 0
0 0 0
0 0 0
0 0 0
0 0 0
0 0 0
0 0 0
0 0 0
0 0 0
0 0 0
0 0 0
0 0 0
0 0 0
0 0 0
0 0 0
0 0 0
0 0 0
0 0 0
0 0 0
0 0 0
0 0 0
0 0 0
0 0 0
0 0 0
0 0 0
0 0 0
0 0 0
0 0 0
0 0 0
0 0 0
0 0 0
0 0 0
0 0 0
0 0 0
0 0 0
0 0 0
0 0 0
0 0 0
0 0 0
0 0 0
0 0 0
0 0 0
0 0 0
0 0 0
0 0 0
0 0 0
0 0 0
0 0 0
0 0 0
0 0 0
0 0 0
0 0 0
