0 0 0
0 0 0
0 0 0
0 0 0
0 0 0
0 0 0
0 0 0
0 0 0
0 0 0
0 0 0
0 0 0
0 0 0
0 0 0
0 0 0
0 0 0
0 0 0
0 0 0
0 0 0
0 0 0
0 0 0
0 0 0
0 0 0
0 0 0
0 0 0
0 0 0
0 0 0
0 0 0
0 0 0
0 0 0
0 0 0
0 0 0
0 0 0
0 0 0
0 0 0
0 0 0
0 0 0
0 0 0
0 0 0
0 0 0
0 0 0
0 0 0
0 0 0
0 0 0
0 0 0
0 0 0
0 0 0
0 0 0
0 0 0
0 0 0
0 0 0
0 0 0
0 0 0
0 0 0
0 0 0
0 0 0
0 0 0
0 0 0
0 0 0
0 0 0
0 0 0
0 0 0
0 0 0
0 0 0
0 0 0
0 0 0
0 0 0
0 0 0
0 0 0
0 0 0
0 0 0
0 0 0
0 0 0
0 0 0
0 0 0
0 0 0
0 0 0
0 0 0
0 0 0
0 0 0
0 0 0
0 0 0
0 0 0
0 0 0
0 0 0
0 0 0
0 0 0
0 0 0
0 0 0
0 0 0
0 0 0
0 0 0
0 0 0
0 0 0
0 0 0
0 0 0
0 0 0
0 0 0
0 0 0
0 0 0
0 0 0
1507 1507 0
-4340 77 0
-441 -2573 0
4678 -415 0
3015 0 0
4678 -415 0
-441 -2573 0
-4340 77 0
1507 1507 0
77 -4340 0
-2573 -441 0
-415 4678 0
0 3015 0
-415 4678 0
-2573 -441 0
77 -4340 0
1507 1507 0
-4340 77 0
-441 -2573 0
4678 -415 0
3015 0 0
4678 -415 0
-441 -2573 0
-4340 77 0
1507 1507 0
77 -4340 0
-2573 -441 0
-415 4678 0
0 3015 0
-415 4678 0
-2573 -441 0
77 -4340 0
1507 1507 0
-4340 77 0
-441 -2573 0
4678 -415 0
3015 0 0
4678 -415 0
-441 -2573 0
-4340 77 0
1507 1507 0
77 -4340 0
-2573 -441 0
-415 4678 0
0 3015 0
-415 4678 0
-2573 -441 0
77 -4340 0
1507 1507 0
-4340 77 0
-441 -2573 0
4678 -415 0
3015 0 0
4678 -415 0
-441 -2573 0
-4340 77 0
1507 1507 0
77 -4340 0
-2573 -441 0
-415 4678 0
0 3015 0
-415 4678 0
-2573 -441 0
77 -4340 0
1507 1507 0
-4340 77 0
-441 -2573 0
4678 -415 0
3015 0 0
4678 -415 0
-441 -2573 0
-4340 77 0
1507 1507 0
77 -4340 0
-2573 -441 0
-415 4678 0
0 3015 0
-415 4678 0
-2573 -441 0
77 -4340 0
1507 1507 0
-4340 77 0
-441 -2573 0
4678 -415 0
3015 0 0
4678 -415 0
-441 -2573 0
-4340 77 0
1507 1507 0
77 -4340 0
-2573 -441 0
-415 4678 0
0 3015 0
-415 4678 0
-2573 -441 0
77 -4340 0
1507 1507 0
-4340 77 0
-441 -2573 0
4678 -415 0
3015 0 0
4678 -415 0
-441 -2573 0
-4340 77 0
1507 1507 0
77 -4340 0
-2573 -441 0
-415 4678 0
0 3015 0
-415 4678 0
-2573 -441 0
77 -4340 0
1507 1507 0
-4340 77 0
-441 -2573 0
4678 -415 0
3015 0 0
4678 -415 0
-441 -2573 0
-4340 77 0
1507 1507 0
77 -4340 0
-2573 -441 0
-415 4678 0
0 3015 0
-415 4678 0
-2573 -441 0
77 -4340 0
1507 1507 0
-4340 77 0
-441 -2573 0
4678 -415 0
3015 0 0
4678 -415 0
-441 -2573 0
-4340 77 0
1507 1507 0
77 -4340 0
-2573 -441 0
-415 4678 0
0 3015 0
-415 4678 0
-2573 -441 0
77 -4340 0
1507 1507 0
-4340 77 0
-441 -2573 0
4678 -415 0
3015 0 0
4678 -415 0
-441 -2573 0
-4340 77 0
1507 1507 0
77 -4340 0
-2573 -441 0
-415 4678 0
0 3015 0
-415 4678 0
-2573 -441 0
77 -4340 0
-5120 0 0
403 -3198 0
3005 -3469 0
-3011 -3773 0
-92 -1762 0
2460 2426 0
-4172 672 0
-3994 543 0
-1148 4944 0
-1850 714 0
-1976 -2664 0
2279 -463 0
2694 -3026 0
-4301 -2137 0
-1875 -1288 0
1210 -3223 0
2048 2048 0
3907 134 0
-737 -5264 0
1922 490 0
802 1918 0
-4483 1553 0
32 3768 0
1748 -134 0
3196 848 0
-1256 3479 0
-3773 1808 0
1960 2874 0
692 -914 0
3173 -2713 0
1303 3642 0
-168 3943 0
5120 0 0
-168 -3943 0
1303 -3642 0
3173 2713 0
692 914 0
1960 -2874 0
-3773 -1808 0
-1256 -3479 0
3196 -848 0
1748 134 0
32 -3768 0
-4483 -1553 0
802 -1918 0
1922 -490 0
-737 5264 0
3907 -134 0
2048 -2048 0
1210 3223 0
-1875 1288 0
-4301 2137 0
2694 3026 0
2279 463 0
-1976 2664 0
-1850 -714 0
-1148 -4944 0
-3994 -543 0
-4172 -672 0
2460 -2426 0
-92 1762 0
-3011 3773 0
3005 3469 0
403 3198 0
-5120 0 0
403 -3198 0
3005 -3469 0
-3011 -3773 0
-92 -1762 0
2460 2426 0
-4172 672 0
-3994 543 0
-1148 4944 0
-1850 714 0
-1976 -2664 0
2279 -463 0
2694 -3026 0
-4301 -2137 0
-1875 -1288 0
1210 -3223 0
2048 2048 0
3907 134 0
-737 -5264 0
1922 490 0
802 1918 0
-4483 1553 0
32 3768 0
1748 -134 0
3196 848 0
-1256 3479 0
-3773 1808 0
1960 2874 0
692 -914 0
3173 -2713 0
1303 3642 0
-168 3943 0
5120 0 0
-168 -3943 0
1303 -3642 0
3173 2713 0
692 914 0
1960 -2874 0
-3773 -1808 0
-1256 -3479 0
3196 -848 0
1748 134 0
32 -3768 0
-4483 -1553 0
802 -1918 0
1922 -490 0
-737 5264 0
3907 -134 0
2048 -2048 0
1210 3223 0
-1875 1288 0
-4301 2137 0
2694 3026 0
2279 463 0
-1976 2664 0
-1850 -714 0
-1148 -4944 0
-3994 -543 0
-4172 -672 0
2460 -2426 0
-92 1762 0
-3011 3773 0
3005 3469 0
403 3198 0
-5120 0 0
403 -3198 0
3005 -3469 0
-3011 -3773 0
-92 -1762 0
2460 2426 0
-4172 672 0
-3994 543 0
-1148 4944 0
-1850 714 0
-1976 -2664 0
2279 -463 0
2694 -3026 0
-4301 -2137 0
-1875 -1288 0
1210 -3223 0
2048 2048 0
3907 134 0
-737 -5264 0
1922 490 0
802 1918 0
-4483 1553 0
32 3768 0
1748 -134 0
3196 848 0
-1256 3479 0
-3773 1808 0
1960 2874 0
692 -914 0
3173 -2713 0
1303 3642 0
-168 3943 0
-4096 0 0
1863 2713 0
1441 -2538 0
-7281 -1374 0
-3922 1422 0
730 998 0
969 2345 0
2774 -3707 0
5244 -1448 0
747 5218 0
-2229 823 0
-1995 3655 0
-2464 3146 0
5120 -2801 0
4146 1480 0
40 2288 0
3072 0 0
41 -2289 0
4146 -1481 0
5120 2801 0
-2464 -3146 0
-1995 -3655 0
-2229 -823 0
748 -5219 0
5244 1448 0
2775 3708 0
969 -2345 0
730 -998 0
-3922 -1422 0
-7282 1374 0
1440 2538 0
1864 -2714 0
-4096 0 0
2261 2407 0
1779 610 0
677 -1682 0
3322 -3470 0
324 550 0
703 2039 0
70 1037 0
900 1448 0
-697 670 0
-5235 2361 0
-1955 477 0
-1032 -1098 0
-1412 4729 0
-1574 3584 0
-1268 -2592 0
1024 0 0
-1269 2593 0
-1574 -3583 0
-1412 -4729 0
-1032 1098 0
-1955 -477 0
-5235 -2361 0
-696 -671 0
900 -1448 0
71 -1036 0
703 -2039 0
324 -550 0
3322 3470 0
678 1682 0
1780 -610 0
2260 -2406 0
-4096 0 0
1863 2713 0
1441 -2538 0
-7281 -1374 0
-3922 1422 0
730 998 0
969 2345 0
2774 -3707 0
5244 -1448 0
747 5218 0
-2229 823 0
-1995 3655 0
-2464 3146 0
5120 -2801 0
4146 1480 0
40 2288 0
2047 0 0
971 594 0
3185 1530 0
1764 -567 0
438 -1592 0
1334 -1465 0
-1377 -421 0
1941 537 0
1324 4344 0
650 321 0
6364 -3401 0
-693 1914 0
-3888 639 0
798 -2139 0
-1899 -6174 0
-1022 -4276 0
-1024 4096 0
-561 -2470 0
1499 -7877 0
168 -2340 0
5779 2532 0
2654 330 0
-5227 -3802 0
-850 2280 0
-2772 2896 0
-3979 -57 0
-326 1589 0
-1928 -2766 0
346 -2376 0
41 1472 0
-1176 392 0
328 -371 0
-2047 2049 0
661 355 0
2479 -4701 0
576 1422 0
762 2193 0
-2070 -755 0
1065 4389 0
5985 -2153 0
2772 -4344 0
1924 -272 0
1516 -1767 0
-2259 4091 0
-3103 2857 0
-674 -2501 0
-629 2354 0
-2698 4894 0
1024 2048 0
4281 3088 0
1028 4057 0
-291 -2300 0
1212 964 0
299 5674 0
-2654 -1367 0
-1723 -2232 0
-1324 -2896 0
-3947 -1559 0
638 2380 0
2664 546 0
-1546 2976 0
-2381 -616 0
-4488 -3563 0
-1960 1320 0
2047 0 0
971 594 0
3185 1530 0
1764 -567 0
438 -1592 0
1334 -1465 0
-1377 -421 0
1941 537 0
1324 4344 0
650 321 0
6364 -3401 0
-693 1914 0
-3888 639 0
798 -2139 0
-1899 -6174 0
-1022 -4276 0
-3073 1024 0
1277 427 0
1996 1065 0
-2691 -2640 0
-2401 2310 0
2393 100 0
2818 -3831 0
3469 4467 0
1024 1324 0
-2067 -5421 0
3083 -1140 0
2317 874 0
2950 -33 0
1772 1103 0
-3725 2435 0
2965 -2560 0
-1024 -6144 0
-4549 -753 0
3325 732 0
-806 902 0
-1058 1860 0
-358 -709 0
-1946 -1539 0
1867 -3461 0
-2472 -124 0
-5508 3873 0
-4520 -1822 0
-2987 -1200 0
3186 1526 0
4497 -601 0
13 -72 0
22 -537 0
3072 3072 0
-2164 5348 0
-4997 1231 0
-1908 2248 0
-1943 2634 0
1642 -649 0
641 -2561 0
-972 -545 0
1023 2771 0
-1228 -2285 0
376 -5252 0
-4075 -1892 0
-7294 -815 0
-578 857 0
725 -138 0
1938 568 0
1025 2048 0
-355 -1239 0
-324 1564 0
-387 1058 0
5403 -2708 0
2115 -309 0
-1513 -4853 0
1428 -4244 0
425 4220 0
3011 50 0
1060 -4570 0
-1047 650 0
1159 3418 0
101 209 0
2987 2369 0
866 6313 0
-3073 1024 0
1277 427 0
1996 1065 0
-2691 -2640 0
-2401 2310 0
2393 100 0
2818 -3831 0
3469 4467 0
1024 1324 0
-2067 -5421 0
3083 -1140 0
2317 874 0
2950 -33 0
1772 1103 0
-3725 2435 0
2965 -2560 0
1564 1564 0
-4504 80 0
-458 -2670 0
4854 -430 0
3128 0 0
4854 -430 0
-458 -2670 0
-4504 80 0
1564 1564 0
80 -4504 0
-2670 -458 0
-430 4854 0
0 3128 0
-430 4854 0
-2670 -458 0
80 -4504 0
1564 1564 0
-4504 80 0
-458 -2670 0
4854 -430 0
3128 0 0
4854 -430 0
-458 -2670 0
-4504 80 0
1564 1564 0
80 -4504 0
-2670 -458 0
-430 4854 0
0 3128 0
-430 4854 0
-2670 -458 0
80 -4504 0
1564 1564 0
-4504 80 0
-458 -2670 0
4854 -430 0
3128 0 0
4854 -430 0
-458 -2670 0
-4504 80 0
1564 1564 0
80 -4504 0
-2670 -458 0
-430 4854 0
0 3128 0
-430 4854 0
-2670 -458 0
80 -4504 0
1564 1564 0
-4504 80 0
-458 -2670 0
4854 -430 0
3128 0 0
4854 -430 0
-458 -2670 0
-4504 80 0
1564 1564 0
80 -4504 0
-2670 -458 0
-430 4854 0
0 3128 0
-430 4854 0
-2670 -458 0
80 -4504 0
1564 1564 0
-4504 80 0
-458 -2670 0
4854 -430 0
3128 0 0
4854 -430 0
-458 -2670 0
-4504 80 0
1564 1564 0
80 -4504 0
-2670 -458 0
-430 4854 0
0 3128 0
-430 4854 0
-2670 -458 0
80 -4504 0
2048 1024 0
3907 645 0
-737 -5109 0
1922 -356 0
802 3334 0
-4483 -185 0
32 5497 0
1748 -1505 0
3196 1572 0
-1256 3574 0
-3773 884 0
1960 4470 0
692 -2884 0
3173 -748 0
1303 2067 0
-168 4817 0
5120 0 0
-168 -4817 0
1303 -2067 0
3173 748 0
692 2884 0
1960 -4470 0
-3773 -884 0
-1256 -3574 0
3196 -1572 0
1748 1505 0
32 -5497 0
-4483 185 0
802 -3334 0
1922 356 0
-737 5109 0
3907 -645 0
2048 -1024 0
1210 1928 0
-1875 2581 0
-4301 1091 0
2694 3658 0
2279 308 0
-1976 2383 0
-1850 -126 0
-1148 -5668 0
-3994 146 0
-4172 -1196 0
2460 -2130 0
-92 1684 0
-3011 3700 0
3005 3597 0
403 3107 0
-5120 0 0
403 -3107 0
3005 -3597 0
-3011 -3700 0
-92 -1684 0
2460 2130 0
-4172 1196 0
-3994 -146 0
-1148 5668 0
-1850 126 0
-1976 -2383 0
2279 -308 0
2694 -3658 0
-4301 -1091 0
-1875 -2581 0
1210 -1928 0
2048 1024 0
3907 645 0
-737 -5109 0
1922 -356 0
802 3334 0
-4483 -185 0
32 5497 0
1748 -1505 0
3196 1572 0
-1256 3574 0
-3773 884 0
1960 4470 0
692 -2884 0
3173 -748 0
1303 2067 0
-168 4817 0
-1448 19 0
-2713 -128 0
-6954 -1937 0
-1215 5493 0
-2757 5714 0
-3668 -1431 0
64 -500 0
-1808 -2359 0
3614 649 0
5179 -3585 0
1719 -5878 0
2654 -1781 0
-807 168 0
-1814 698 0
486 431 0
-989 506 0
1790 -2767 0
3608 6544 0
1044 525 0
-356 -841 0
-442 4365 0
1108 -4210 0
406 2831 0
-1258 54 0
-972 2538 0
569 2985 0
2155 -6574 0
2183 -4112 0
-769 2490 0
-772 5254 0
1520 -3084 0
-585 2842 0
-2438 1925 0
-1751 -1256 0
2518 6623 0
1655 441 0
1921 -3314 0
6240 -675 0
1304 900 0
-1736 -2971 0
918 -1943 0
5791 -277 0
2161 -2836 0
-1162 789 0
2181 1316 0
-3306 -2438 0
-2506 2219 0
1127 7090 0
800 823 0
-992 -2636 0
-1188 -5499 0
2760 -2539 0
-1310 -2881 0
-2148 -874 0
3562 6529 0
2854 -2184 0
-4856 1348 0
-6787 185 0
-1455 -5148 0
1565 720 0
-605 -90 0
-3724 1842 0
340 1034 0
-509 -1146 0
-1448 19 0
-2713 -128 0
-6954 -1937 0
-1215 5493 0
-2757 5714 0
-3668 -1431 0
64 -500 0
-1808 -2359 0
1718 1616 0
1220 3559 0
-5062 486 0
3587 -3954 0
3436 -2964 0
-5925 1526 0
2824 -223 0
1296 41 0
-3939 -1 0
-714 1630 0
-2064 -1612 0
-2129 1590 0
-1112 2915 0
-53 -2347 0
1868 -3247 0
1442 -7678 0
-1298 2648 0
-1374 1871 0
2229 -2426 0
-1070 1988 0
-4595 127 0
3552 4862 0
2091 246 0
-3607 -2939 0
-2915 271 0
-1332 4406 0
3350 1002 0
-776 -7353 0
2400 -3711 0
2505 -4100 0
-1950 64 0
2622 7942 0
-4310 2916 0
-2392 -3777 0
682 -2542 0
-1871 6 0
-878 1968 0
-2175 2832 0
-644 2075 0
-480 335 0
1995 -2591 0
-482 -942 0
1504 -2552 0
1489 -2122 0
-2742 669 0
335 309 0
-3500 449 0
454 2278 0
2 3180 0
-658 -1817 0
4741 -1238 0
-1106 872 0
741 3457 0
1776 -520 0
1985 2102 0
4443 7831 0
971 -2863 0
1308 3154 0
-198 1108 0
-1028 -2775 0
158 2715 0
-771 -5470 0
2506 -4058 0
1918 -1238 0
1718 1616 0
1220 3559 0
-5062 486 0
3587 -3954 0
3436 -2964 0
-5925 1526 0
2824 -223 0
1296 41 0
3472 -2074 0
-452 -5886 0
-296 44 0
-1034 475 0
2380 2981 0
4209 -1471 0
-724 -441 0
2742 2671 0
-52 -1296 0
-5575 644 0
33 -897 0
1666 -1719 0
2821 -1091 0
139 55 0
-2758 4521 0
-1998 3276 0
-146 3370 0
-18 1068 0
2697 -2408 0
5710 -1388 0
1150 -2193 0
1082 2559 0
-2266 898 0
-1262 -887 0
972 3614 0
959 5860 0
-1659 6644 0
-6056 -4348 0
1014 500 0
-3121 5071 0
892 -3191 0
4234 1408 0
-3472 -2458 0
244 -2502 0
-1004 -4 0
-1402 -1677 0
400 -691 0
659 -5027 0
-4020 -5069 0
-514 -1673 0
1996 0 0
-3743 -3428 0
1907 -1873 0
946 -2663 0
-2253 -2495 0
-769 5323 0
4076 -445 0
-2718 -788 0
-8922 3754 0
-662 988 0
-1397 1832 0
1710 2008 0
2546 -97 0
1310 -677 0
-2 -2938 0
2614 -1539 0
6152 2862 0
-3261 -1476 0
-281 -746 0
3640 -604 0
2302 494 0
-1365 4083 0
-5558 -1109 0
2082 2268 0
3472 -2074 0
-452 -5886 0
-296 44 0
-1034 475 0
2380 2981 0
4209 -1471 0
-724 -441 0
2742 2671 0
4768 -705 0
-1220 -2662 0
-2069 -1872 0
3302 3858 0
-3449 1973 0
336 198 0
58 2726 0
-2319 -1602 0
-2539 -4533 0
923 2597 0
2623 1655 0
-3542 628 0
1303 1528 0
-288 -3470 0
-2506 -3108 0
5081 2744 0
2288 3833 0
-1915 145 0
-3552 2650 0
-3294 929 0
3911 2571 0
-873 3530 0
-2510 -3524 0
2921 -93 0
324 1024 0
2956 2332 0
2522 1757 0
2494 -1677 0
-1752 -3862 0
-372 -5200 0
5007 1608 0
-1282 -1107 0
-2176 -1237 0
-3624 3294 0
5993 -800 0
5302 204 0
-1967 2259 0
3880 -122 0
280 -14 0
1415 -786 0
-1995 -1943 0
-4499 3557 0
-1605 1659 0
1310 -656 0
6169 -1560 0
1388 -5426 0
-2586 -458 0
-1773 -1968 0
-992 701 0
-4565 4059 0
-3876 -2726 0
-3138 -787 0
-1083 -2919 0
-707 -1598 0
-4998 6152 0
291 -635 0
2914 272 0
1264 5754 0
-5214 -2323 0
914 -3255 0
4644 -2582 0
-3048 -1812 0
2073 1800 0
2674 -973 0
4768 -705 0
-1220 -2662 0
-2069 -1872 0
3302 3858 0
-3449 1973 0
336 198 0
58 2726 0
-2319 -1602 0
5123 -858 0
-2081 -1005 0
-415 -1827 0
-1835 1731 0
751 1692 0
-3424 -2223 0
914 -1032 0
6844 2047 0
2643 971 0
1248 2164 0
1120 1527 0
3633 -359 0
-3012 454 0
-1254 -4857 0
-2749 -1680 0
-5975 1777 0
-627 -136 0
-460 776 0
672 1707 0
-2400 126 0
255 -3298 0
-711 3037 0
-1316 1235 0
-1301 -866 0
-1618 595 0
2488 430 0
751 4095 0
4199 -3641 0
-4062 1936 0
-3100 3455 0
1642 -4971 0
-4146 1630 0
4591 1506 0
1741 -1069 0
-915 -2263 0
3463 -1295 0
891 -3936 0
-1096 -3111 0
-4170 5934 0
-2472 -1111 0
1243 -2267 0
-2288 2040 0
-3426 -3069 0
1199 867 0
-684 1790 0
-950 -2869 0
1881 -1580 0
-607 1507 0
-3907 2080 0
-452 -1194 0
2870 1467 0
-532 -602 0
-3193 -3526 0
-385 1497 0
6024 -2317 0
3941 1862 0
324 3291 0
-1708 -4734 0
1935 -1637 0
4781 2101 0
1282 4888 0
2080 2479 0
-4818 -769 0
1568 -590 0
5123 -858 0
-2081 -1005 0
-415 -1827 0
-1835 1731 0
751 1692 0
-3424 -2223 0
914 -1032 0
6844 2047 0
-2153 -21 0
2468 -172 0
822 -2449 0
-4771 480 0
944 1528 0
-244 2237 0
-4014 2624 0
-2393 326 0
700 -2915 0
994 618 0
-3676 1578 0
-101 699 0
-3327 -562 0
-4362 -1956 0
5341 3804 0
-1098 2167 0
-1395 400 0
5682 -2090 0
168 -3185 0
-3715 -1938 0
-2089 -1989 0
3106 -919 0
5638 -4410 0
2470 -2463 0
-2265 -2538 0
-1067 -1936 0
6050 -1299 0
3551 -793 0
-1698 2409 0
-175 2605 0
-1499 2397 0
-3112 341 0
211 3259 0
756 1152 0
-330 767 0
677 -3092 0
240 -5034 0
-192 1605 0
-1402 -488 0
2543 -128 0
5128 -6801 0
-1488 -746 0
-1384 6874 0
-2455 1761 0
-3039 2616 0
2822 1802 0
-1109 1726 0
-62 -6153 0
4633 -1048 0
-322 1806 0
-1196 -2461 0
-775 622 0
-391 315 0
1106 7341 0
-2590 -634 0
-2192 -3363 0
325 1890 0
-11 -2608 0
2138 175 0
577 2577 0
-1004 3309 0
1287 1625 0
2227 159 0
496 -1403 0
-2153 -21 0
2468 -172 0
822 -2449 0
-4771 480 0
944 1528 0
-244 2237 0
-4014 2624 0
0 0 0
0 0 0
0 0 0
0 0 0
0 0 0
0 0 0
0 0 0
0 0 0
0 0 0
0 0 0
0 0 0
0 0 0
0 0 0
0 0 0
0 0 0
0 0 0
0 0 0
0 0 0
0 0 0
0 0 0
0 0 0
0 0 0
0 0 0
0 0 0
0 0 0
0 0 0
0 0 0
0 0 0
0 0 0
0 0 0
0 0 0
0 0 0
0 0 0
0 0 0
0 0 0
0 0 0
0 0 0
0 0 0
0 0 0
0 0 0
0 0 0
0 0 0
0 0 0
0 0 0
0 0 0
0 0 0
0 0 0
0 0 0
0 0 0
0 0 0
0 0 0
0 0 0
0 0 0
0 0 0
0 0 0
0 0 0
0 0 0
0 0 0
0 0 0
0 0 0
0 0 0
0 0 0
0 0 0
0 0 0
0 0 0
0 0 0
0 0 0
0 0 0
0 0 0
0 0 0
0 0 0
0 0 0
0 0 0
0 0 0
0 0 0
0 0 0
0 0 0
0 0 0
0 0 0
0 0 0
0 0 0
0 0 0
0 0 0
0 0 0
0 0 0
0 0 0
0 0 0
0 0 0
0 0 0
0 0 0
0 0 0
0 0 0
0 0 0
0 0 0
0 0 0
0 0 0
0 0 0
0 0 0
0 0 0
0 0 0
0 0 0
0 0 0
0 0 0
0 0 0
0 0 0
0 0 0
0 0 0
0 0 0
0 0 0
0 0 0
0 0 0
0 0 0
0 0 0
0 0 0
0 0 0
0 0 0
0 0 0
0 0 0
0 0 0
0 0 0
0 0 0
0 0 0
0 0 0
0 0 0
0 0 0
0 0 0
0 0 0
0 0 0
0 0 0
0 0 0
0 0 0
0 0 0
0 0 0
0 0 0
0 0 0
0 0 0
0 0 0
0 0 0
0 0 0
0 0 0
0 0 0
0 0 0
0 0 0
0 0 0
0 0 0
0 0 0
0 0 0
0 0 0
0 0 0
0 0 0
0 0 0
0 0 0
0 0 0
0 0 0
0 0 0
0 0 0
0 0 0
0 0 0
0 0 0
0 0 0
0 0 0
0 0 0
0 0 0
0 0 0
0 0 0
0 0 0
0 0 0
0 0 0
0 0 0
0 0 0
0 0 0
0 0 0
0 0 0
0 0 0
0 0 0
0 0 0
0 0 0
0 0 0
0 0 0
0 0 0
0 0 0
0 0 0
0 0 0
0 0 0
0 0 0
0 0 0
0 0 0
0 0 0
0 0 0
0 0 0
0 0 0
0 0 0
0 0 0
0 0 0
0 0 0
0 0 0
0 0 0
0 0 0
0 0 0
0 0 0
