0 0 0
0 0 0
0 0 0
0 0 0
0 0 0
0 0 0
0 0 0
0 0 0
0 0 0
0 0 0
0 0 0
0 0 0
0 0 0
0 0 0
0 0 0
0 0 0
0 0 0
0 0 0
0 0 0
0 0 0
0 0 0
0 0 0
0 0 0
0 0 0
0 0 0
0 0 0
0 0 0
0 0 0
0 0 0
0 0 0
0 0 0
0 0 0
0 0 0
0 0 0
0 0 0
0 0 0
0 0 0
0 0 0
0 0 0
0 0 0
0 0 0
0 0 0
0 0 0
0 0 0
0 0 0
0 0 0
0 0 0
0 0 0
0 0 0
0 0 0
0 0 0
0 0 0
0 0 0
0 0 0
0 0 0
0 0 0
0 0 0
0 0 0
0 0 0
0 0 0
0 0 0
0 0 0
0 0 0
0 0 0
0 0 0
0 0 0
0 0 0
0 0 0
0 0 0
0 0 0
0 0 0
0 0 0
0 0 0
0 0 0
0 0 0
0 0 0
0 0 0
0 0 0
0 0 0
0 0 0
0 0 0
0 0 0
0 0 0
0 0 0
0 0 0
0 0 0
0 0 0
0 0 0
0 0 0
0 0 0
0 0 0
0 0 0
0 0 0
0 0 0
0 0 0
0 0 0
0 0 0
0 0 0
0 0 0
0 0 0
1507 1507 0
-4340 77 0
-441 -2573 0
4678 -415 0
3015 0 0
4678 -415 0
-441 -2573 0
-4340 77 0
1507 1507 0
77 -4340 0
-2573 -441 0
-415 4678 0
0 3015 0
-415 4678 0
-2573 -441 0
77 -4340 0
1507 1507 0
-4340 77 0
-441 -2573 0
4678 -415 0
3015 0 0
4678 -415 0
-441 -2573 0
-4340 77 0
1507 1507 0
77 -4340 0
-2573 -441 0
-415 4678 0
0 3015 0
-415 4678 0
-2573 -441 0
77 -4340 0
1507 1507 0
-4340 77 0
-441 -2573 0
4678 -415 0
3015 0 0
4678 -415 0
-441 -2573 0
-4340 77 0
1507 1507 0
77 -4340 0
-2573 -441 0
-415 4678 0
0 3015 0
-415 4678 0
-2573 -441 0
77 -4340 0
1507 1507 0
-4340 77 0
-441 -2573 0
4678 -415 0
3015 0 0
4678 -415 0
-441 -2573 0
-4340 77 0
1507 1507 0
77 -4340 0
-2573 -441 0
-415 4678 0
0 3015 0
-415 4678 0
-2573 -441 0
77 -4340 0
1507 1507 0
-4340 77 0
-441 -2573 0
4678 -415 0
3015 0 0
4678 -415 0
-441 -2573 0
-4340 77 0
1507 1507 0
77 -4340 0
-2573 -441 0
-415 4678 0
0 3015 0
-415 4678 0
-2573 -441 0
77 -4340 0
1507 1507 0
-4340 77 0
-441 -2573 0
4678 -415 0
3015 0 0
4678 -415 0
-441 -2573 0
-4340 77 0
1507 1507 0
77 -4340 0
-2573 -441 0
-415 4678 0
0 3015 0
-415 4678 0
-2573 -441 0
77 -4340 0
1507 1507 0
-4340 77 0
-441 -2573 0
4678 -415 0
3015 0 0
4678 -415 0
-441 -2573 0
-4340 77 0
1507 1507 0
77 -4340 0
-2573 -441 0
-415 4678 0
0 3015 0
-415 4678 0
-2573 -441 0
77 -4340 0
1507 1507 0
-4340 77 0
-441 -2573 0
4678 -415 0
3015 0 0
4678 -415 0
-441 -2573 0
-4340 77 0
1507 1507 0
77 -4340 0
-2573 -441 0
-415 4678 0
0 3015 0
-415 4678 0
-2573 -441 0
77 -4340 0
1507 1507 0
-4340 77 0
-441 -2573 0
4678 -415 0
3015 0 0
4678 -415 0
-441 -2573 0
-4340 77 0
1507 1507 0
77 -4340 0
-2573 -441 0
-415 4678 0
0 3015 0
-415 4678 0
-2573 -441 0
77 -4340 0
1507 1507 0
-4340 77 0
-441 -2573 0
4678 -415 0
3015 0 0
4678 -415 0
-441 -2573 0
-4340 77 0
1507 1507 0
77 -4340 0
-2573 -441 0
-415 4678 0
0 3015 0
-415 4678 0
-2573 -441 0
77 -4340 0
-5120 0 0
403 -3198 0
3005 -3469 0
-3011 -3773 0
-92 -1762 0
2460 2426 0
-4172 672 0
-3994 543 0
-1148 4944 0
-1850 714 0
-1976 -2664 0
2279 -463 0
2694 -3026 0
-4301 -2137 0
-1875 -1288 0
1210 -3223 0
2048 2048 0
3907 134 0
-737 -5264 0
1922 490 0
802 1918 0
-4483 1553 0
32 3768 0
1748 -134 0
3196 848 0
-1256 3479 0
-3773 1808 0
1960 2874 0
692 -914 0
3173 -2713 0
1303 3642 0
-168 3943 0
5120 0 0
-168 -3943 0
1303 -3642 0
3173 2713 0
692 914 0
1960 -2874 0
-3773 -1808 0
-1256 -3479 0
3196 -848 0
1748 134 0
32 -3768 0
-4483 -1553 0
802 -1918 0
1922 -490 0
-737 5264 0
3907 -134 0
2048 -2048 0
1210 3223 0
-1875 1288 0
-4301 2137 0
2694 3026 0
2279 463 0
-1976 2664 0
-1850 -714 0
-1148 -4944 0
-3994 -543 0
-4172 -672 0
2460 -2426 0
-92 1762 0
-3011 3773 0
3005 3469 0
403 3198 0
-5120 0 0
403 -3198 0
3005 -3469 0
-3011 -3773 0
-92 -1762 0
2460 2426 0
-4172 672 0
-3994 543 0
-1148 4944 0
-1850 714 0
-1976 -2664 0
2279 -463 0
2694 -3026 0
-4301 -2137 0
-1875 -1288 0
1210 -3223 0
2048 2048 0
3907 134 0
-737 -5264 0
1922 490 0
802 1918 0
-4483 1553 0
32 3768 0
1748 -134 0
3196 848 0
-1256 3479 0
-3773 1808 0
1960 2874 0
692 -914 0
3173 -2713 0
1303 3642 0
-168 3943 0
5120 0 0
-168 -3943 0
1303 -3642 0
3173 2713 0
692 914 0
1960 -2874 0
-3773 -1808 0
-1256 -3479 0
3196 -848 0
1748 134 0
32 -3768 0
-4483 -1553 0
802 -1918 0
1922 -490 0
-737 5264 0
3907 -134 0
2048 -2048 0
1210 3223 0
-1875 1288 0
-4301 2137 0
2694 3026 0
2279 463 0
-1976 2664 0
-1850 -714 0
-1148 -4944 0
-3994 -543 0
-4172 -672 0
2460 -2426 0
-92 1762 0
-3011 3773 0
3005 3469 0
403 3198 0
-5120 0 0
403 -3198 0
3005 -3469 0
-3011 -3773 0
-92 -1762 0
2460 2426 0
-4172 672 0
-3994 543 0
-1148 4944 0
-1850 714 0
-1976 -2664 0
2279 -463 0
2694 -3026 0
-4301 -2137 0
-1875 -1288 0
1210 -3223 0
2048 2048 0
3907 134 0
-737 -5264 0
1922 490 0
802 1918 0
-4483 1553 0
32 3768 0
1748 -134 0
3196 848 0
-1256 3479 0
-3773 1808 0
1960 2874 0
692 -914 0
3173 -2713 0
1303 3642 0
-168 3943 0
-3072 -1024 0
-700 -939 0
-207 -5926 0
-3320 -2356 0
-614 1076 0
289 -161 0
1848 2889 0
3573 -2666 0
1448 -4220 0
-3317 1409 0
-1632 -475 0
773 1136 0
-1278 -742 0
3490 -3412 0
1694 1666 0
1203 238 0
7168 0 0
1203 -238 0
1694 -1666 0
3490 3412 0
-1278 742 0
773 -1137 0
-1633 476 0
-3317 -1412 0
1448 4220 0
3573 2667 0
1848 -2888 0
289 160 0
-614 -1076 0
-3320 2356 0
-208 5926 0
-700 939 0
-3072 1024 0
2576 -205 0
531 -2514 0
440 -1020 0
2062 -1924 0
-1193 -2523 0
2720 -3137 0
1841 -1774 0
-1448 124 0
-2097 -187 0
-2936 723 0
131 -4132 0
-170 -4202 0
-610 7916 0
-2018 6774 0
-3079 -3910 0
-1024 0 0
-3079 3910 0
-2018 -6774 0
-610 -7916 0
-170 4202 0
131 4133 0
-2935 -724 0
-2097 188 0
-1448 -124 0
1841 1775 0
2720 3136 0
-1193 2524 0
2062 1924 0
440 1020 0
532 2514 0
2576 205 0
-3072 -1024 0
-700 -939 0
-207 -5926 0
-3320 -2356 0
-614 1076 0
289 -161 0
1848 2889 0
3573 -2666 0
1448 -4220 0
-3317 1409 0
-1632 -475 0
773 1136 0
-1278 -742 0
3490 -3412 0
1694 1666 0
1203 238 0
-1 2048 0
-62 1405 0
3729 1979 0
4966 -834 0
1885 -5533 0
1136 -4339 0
-1024 -1206 0
2406 -324 0
-124 1448 0
-3866 1885 0
4198 1135 0
-2560 1842 0
-2440 -625 0
4479 -4640 0
-4156 -4176 0
-1497 -1156 0
-1024 2048 0
-86 650 0
3756 -5878 0
-3513 -4841 0
4332 1268 0
4520 259 0
-3060 735 0
3665 3844 0
-1325 -1 0
-4444 -917 0
-679 802 0
-1731 -5638 0
-1102 -6316 0
-3159 1204 0
-1721 842 0
1361 440 0
1 4096 0
-3238 255 0
-2789 -2643 0
3294 1112 0
2210 2037 0
-799 1975 0
1652 762 0
4870 -3556 0
4220 -1448 0
-1202 3323 0
526 2205 0
1880 1410 0
-1656 25 0
365 -2318 0
1000 1944 0
-163 3960 0
1024 0 0
1746 2154 0
-600 3646 0
-1330 -2117 0
-236 -1868 0
-3840 2994 0
-1664 2605 0
1403 1364 0
-2771 1 0
-2833 -2963 0
52 -1246 0
1395 3274 0
-2993 2820 0
-5101 -926 0
781 -1506 0
1939 1220 0
-1 2048 0
-62 1405 0
3729 1979 0
4966 -834 0
1885 -5533 0
1136 -4339 0
-1024 -1206 0
2406 -324 0
-124 1448 0
-3866 1885 0
4198 1135 0
-2560 1842 0
-2440 -625 0
4479 -4640 0
-4156 -4176 0
-1497 -1156 0
-2049 0 0
3553 5294 0
4085 3774 0
-576 -3260 0
-187 -614 0
4713 1007 0
136 -1077 0
2593 2901 0
4820 2047 0
-187 -3164 0
4126 -229 0
1269 691 0
1306 -3170 0
196 -596 0
-6736 1758 0
3294 -575 0
-1024 1 0
-4877 1231 0
6336 55 0
769 -797 0
586 -1278 0
691 -892 0
-2988 -627 0
-14 -1204 0
-6269 600 0
-4632 2307 0
-1839 932 0
-5308 -292 0
972 -1398 0
2382 -1222 0
-2076 2636 0
-2255 4329 0
2049 2049 0
3011 -33 0
-1697 -2141 0
-3524 -1304 0
-4757 2062 0
-2079 -947 0
1940 -5759 0
3095 -2425 0
3372 2048 0
-805 232 0
-850 -2824 0
37 -1430 0
-2153 1722 0
167 48 0
2132 -1694 0
2382 3561 0
1024 6143 0
-799 1755 0
-1732 9 0
-1133 249 0
262 -170 0
-1996 152 0
-288 -2425 0
1006 -1728 0
-1924 3496 0
-1056 -1831 0
-237 -7768 0
2674 352 0
3972 2846 0
1718 -3342 0
-312 -1003 0
-4309 932 0
-2049 0 0
3553 5294 0
4085 3774 0
-576 -3260 0
-187 -614 0
4713 1007 0
136 -1077 0
2593 2901 0
4820 2047 0
-187 -3164 0
4126 -229 0
1269 691 0
1306 -3170 0
196 -596 0
-6736 1758 0
3294 -575 0
1564 1564 0
-4504 80 0
-458 -2670 0
4854 -430 0
3128 0 0
4854 -430 0
-458 -2670 0
-4504 80 0
1564 1564 0
80 -4504 0
-2670 -458 0
-430 4854 0
0 3128 0
-430 4854 0
-2670 -458 0
80 -4504 0
1564 1564 0
-4504 80 0
-458 -2670 0
4854 -430 0
3128 0 0
4854 -430 0
-458 -2670 0
-4504 80 0
1564 1564 0
80 -4504 0
-2670 -458 0
-430 4854 0
0 3128 0
-430 4854 0
-2670 -458 0
80 -4504 0
1564 1564 0
-4504 80 0
-458 -2670 0
4854 -430 0
3128 0 0
4854 -430 0
-458 -2670 0
-4504 80 0
1564 1564 0
80 -4504 0
-2670 -458 0
-430 4854 0
0 3128 0
-430 4854 0
-2670 -458 0
80 -4504 0
1564 1564 0
-4504 80 0
-458 -2670 0
4854 -430 0
3128 0 0
4854 -430 0
-458 -2670 0
-4504 80 0
1564 1564 0
80 -4504 0
-2670 -458 0
-430 4854 0
0 3128 0
-430 4854 0
-2670 -458 0
80 -4504 0
1564 1564 0
-4504 80 0
-458 -2670 0
4854 -430 0
3128 0 0
4854 -430 0
-458 -2670 0
-4504 80 0
1564 1564 0
80 -4504 0
-2670 -458 0
-430 4854 0
0 3128 0
-430 4854 0
-2670 -458 0
80 -4504 0
2048 1024 0
3907 645 0
-737 -5109 0
1922 -356 0
802 3334 0
-4483 -185 0
32 5497 0
1748 -1505 0
3196 1572 0
-1256 3574 0
-3773 884 0
1960 4470 0
692 -2884 0
3173 -748 0
1303 2067 0
-168 4817 0
5120 0 0
-168 -4817 0
1303 -2067 0
3173 748 0
692 2884 0
1960 -4470 0
-3773 -884 0
-1256 -3574 0
3196 -1572 0
1748 1505 0
32 -5497 0
-4483 185 0
802 -3334 0
1922 356 0
-737 5109 0
3907 -645 0
2048 -1024 0
1210 1928 0
-1875 2581 0
-4301 1091 0
2694 3658 0
2279 308 0
-1976 2383 0
-1850 -126 0
-1148 -5668 0
-3994 146 0
-4172 -1196 0
2460 -2130 0
-92 1684 0
-3011 3700 0
3005 3597 0
403 3107 0
-5120 0 0
403 -3107 0
3005 -3597 0
-3011 -3700 0
-92 -1684 0
2460 2130 0
-4172 1196 0
-3994 -146 0
-1148 5668 0
-1850 126 0
-1976 -2383 0
2279 -308 0
2694 -3658 0
-4301 -1091 0
-1875 -2581 0
1210 -1928 0
2048 1024 0
3907 645 0
-737 -5109 0
1922 -356 0
802 3334 0
-4483 -185 0
32 5497 0
1748 -1505 0
3196 1572 0
-1256 3574 0
-3773 884 0
1960 4470 0
692 -2884 0
3173 -748 0
1303 2067 0
-168 4817 0
-1564 -5220 0
-154 2179 0
-1825 -896 0
1212 -2036 0
2162 543 0
850 -1198 0
5860 875 0
1104 -1607 0
234 2212 0
-22 -4203 0
-4001 -2893 0
310 449 0
-1103 -1406 0
-576 1498 0
-862 -3998 0
-2647 -625 0
1873 1660 0
1887 880 0
5055 -3996 0
4172 -2278 0
-2094 -393 0
1570 -3726 0
1989 4229 0
-1282 1468 0
474 -2288 0
-230 -477 0
-573 4386 0
2695 1638 0
3287 1676 0
-1218 4515 0
-3500 -3683 0
-1593 2114 0
-332 4272 0
1122 1705 0
-345 -1756 0
-232 212 0
650 2639 0
-1918 -182 0
-1104 5289 0
-700 1039 0
-1498 4424 0
-1000 179 0
89 -7169 0
-1570 -481 0
1049 -2518 0
4212 802 0
-1562 -1394 0
4913 -4103 0
4447 2448 0
-5901 -1064 0
691 -2876 0
-516 1142 0
-1350 -893 0
4486 1726 0
775 2335 0
222 1296 0
-3634 76 0
-5380 -4563 0
909 5088 0
-1755 1354 0
-5129 -4704 0
-2786 1929 0
932 3929 0
723 420 0
-1564 -5220 0
-154 2179 0
-1825 -896 0
1212 -2036 0
2162 543 0
850 -1198 0
5860 875 0
1104 -1607 0
2323 -1256 0
-1772 -181 0
-2756 5748 0
1410 5812 0
-237 -1734 0
2818 -2434 0
1388 3280 0
3161 4423 0
-1656 -3792 0
-760 -3170 0
4629 -1074 0
-3884 -222 0
1292 -532 0
3514 -1380 0
-246 -1780 0
-1633 -4333 0
-4882 -2057 0
-802 -545 0
-1348 50 0
2405 -1152 0
2212 -766 0
-4763 338 0
999 5239 0
-1573 2837 0
158 -4658 0
2924 -558 0
-5289 -3961 0
3764 982 0
1375 4523 0
-7463 28 0
688 2570 0
2339 -3673 0
205 -1588 0
1636 2595 0
4908 -1488 0
4414 472 0
3141 1566 0
1758 -3018 0
-838 -1476 0
-2199 963 0
-556 -2528 0
920 -2950 0
-391 -4330 0
1040 -2390 0
-3672 1442 0
454 864 0
1658 1408 0
-733 5135 0
5514 3637 0
-1772 2399 0
12 2174 0
-3381 -2060 0
-5116 2830 0
2155 1194 0
-4677 1881 0
-1961 3053 0
-1106 -398 0
1412 3458 0
2763 -4705 0
-2192 -4274 0
-1523 -2273 0
-261 -1696 0
1028 4046 0
-977 -517 0
2323 -1256 0
-1772 -181 0
-2756 5748 0
1410 5812 0
-237 -1734 0
2818 -2434 0
1388 3280 0
3161 4423 0
2064 670 0
-758 -1894 0
1832 -4251 0
41 -1840 0
184 -3019 0
544 -319 0
1876 -141 0
-1115 -3882 0
-1182 -474 0
1519 1197 0
-3518 2322 0
1138 1250 0
-814 -684 0
-2852 -2180 0
-2140 194 0
828 3041 0
2396 1132 0
-284 3471 0
6828 -1476 0
2079 -1902 0
-1808 4513 0
889 3276 0
-2920 2467 0
-5609 -2056 0
790 1814 0
1462 5698 0
-2984 1661 0
636 1294 0
-2248 -4322 0
494 -1560 0
977 -305 0
-1506 -2547 0
-2064 1226 0
-2714 -3598 0
-1272 2781 0
-4815 5192 0
-500 -1527 0
2970 -891 0
-228 -3905 0
-8555 1446 0
550 1106 0
3637 -755 0
-6722 1434 0
4442 -2278 0
1022 3104 0
-3298 -450 0
-1128 -6168 0
1700 -2259 0
1396 132 0
616 2561 0
9364 -336 0
1323 -2462 0
1492 2561 0
-943 2392 0
-3488 -6453 0
1915 -3884 0
-2686 714 0
470 -728 0
4056 2921 0
3724 1942 0
-1120 3166 0
776 3894 0
1995 -857 0
1246 -1171 0
2064 670 0
-758 -1894 0
1832 -4251 0
41 -1840 0
184 -3019 0
544 -319 0
1876 -141 0
-1115 -3882 0
-124 492 0
1873 -528 0
556 424 0
1647 912 0
-3784 -884 0
-6155 4339 0
-4341 4517 0
845 -2732 0
3868 1422 0
5175 4108 0
-39 -1284 0
-1290 -926 0
-1005 -1777 0
-2500 -3647 0
-892 3042 0
-1535 2980 0
2536 -4230 0
-202 -108 0
1826 1438 0
-670 -3806 0
-3957 -1543 0
3030 -2296 0
598 -1788 0
3841 126 0
3002 -1188 0
116 2307 0
3990 -2113 0
4167 -1070 0
-465 4211 0
-1106 -825 0
2767 -485 0
2559 -1444 0
440 -2072 0
-857 808 0
4112 1960 0
547 -2368 0
1148 -6090 0
207 -115 0
-3445 -553 0
1729 276 0
-2920 1422 0
-1499 460 0
-7249 4244 0
-904 -302 0
7031 -557 0
-5900 1937 0
-2650 970 0
1515 822 0
2204 122 0
-1046 3508 0
2442 -2298 0
4000 -6802 0
-2255 -963 0
-550 -1340 0
192 1508 0
2357 3802 0
-2686 1504 0
-3624 3809 0
-5638 -1107 0
-3857 -1790 0
2023 5075 0
398 223 0
2715 -3419 0
-2311 -318 0
-124 492 0
1873 -528 0
556 424 0
1647 912 0
-3784 -884 0
-6155 4339 0
-4341 4517 0
845 -2732 0
-3714 3017 0
-1029 -1200 0
-1848 -5134 0
-3588 -1554 0
-2122 382 0
-428 -2427 0
-674 348 0
-55 6137 0
5290 1422 0
2792 132 0
-2008 1893 0
-1125 -230 0
3035 -284 0
-975 951 0
-3770 -3975 0
-2295 -709 0
678 -1230 0
3826 -6937 0
-1982 5373 0
895 2895 0
-2016 1186 0
386 3777 0
2198 1376 0
-6431 4871 0
3160 -3868 0
-970 -512 0
-2912 1502 0
2020 -2849 0
-394 813 0
3299 -1605 0
-756 -3957 0
-2988 -4368 0
870 -1121 0
4821 -3358 0
-540 -950 0
888 3380 0
4918 -1630 0
-1380 -2537 0
3086 -648 0
441 1569 0
-234 158 0
2684 1556 0
-3362 941 0
541 -1100 0
3183 562 0
2669 -5793 0
986 -4211 0
-4967 3117 0
-994 -666 0
4910 -125 0
3966 3423 0
-1451 707 0
-4572 694 0
1018 1743 0
-110 2468 0
313 -1421 0
0 -240 0
-5506 3752 0
-164 -728 0
-2556 3651 0
-4560 805 0
1575 -2589 0
5360 2279 0
2666 1072 0
-3714 3017 0
-1029 -1200 0
-1848 -5134 0
-3588 -1554 0
-2122 382 0
-428 -2427 0
-674 348 0
0 0 0
0 0 0
0 0 0
0 0 0
0 0 0
0 0 0
0 0 0
0 0 0
0 0 0
0 0 0
0 0 0
0 0 0
0 0 0
0 0 0
0 0 0
0 0 0
0 0 0
0 0 0
0 0 0
0 0 0
0 0 0
0 0 0
0 0 0
0 0 0
0 0 0
0 0 0
0 0 0
0 0 0
0 0 0
0 0 0
0 0 0
0 0 0
0 0 0
0 0 0
0 0 0
0 0 0
0 0 0
0 0 0
0 0 0
0 0 0
0 0 0
0 0 0
0 0 0
0 0 0
0 0 0
0 0 0
0 0 0
0 0 0
0 0 0
0 0 0
0 0 0
0 0 0
0 0 0
0 0 0
0 0 0
0 0 0
0 0 0
0 0 0
0 0 0
0 0 0
0 0 0
0 0 0
0 0 0
0 0 0
0 0 0
0 0 0
0 0 0
0 0 0
0 0 0
0 0 0
0 0 0
0 0 0
0 0 0
0 0 0
0 0 0
0 0 0
0 0 0
0 0 0
0 0 0
0 0 0
0 0 0
0 0 0
0 0 0
0 0 0
0 0 0
0 0 0
0 0 0
0 0 0
0 0 0
0 0 0
0 0 0
0 0 0
0 0 0
0 0 0
0 0 0
0 0 0
0 0 0
0 0 0
0 0 0
0 0 0
0 0 0
0 0 0
0 0 0
0 0 0
0 0 0
0 0 0
0 0 0
0 0 0
0 0 0
0 0 0
0 0 0
0 0 0
0 0 0
0 0 0
0 0 0
0 0 0
0 0 0
0 0 0
0 0 0
0 0 0
0 0 0
0 0 0
0 0 0
0 0 0
0 0 0
0 0 0
0 0 0
0 0 0
0 0 0
0 0 0
0 0 0
0 0 0
0 0 0
0 0 0
0 0 0
0 0 0
0 0 0
0 0 0
0 0 0
0 0 0
0 0 0
0 0 0
0 0 0
0 0 0
0 0 0
0 0 0
0 0 0
0 0 0
0 0 0
0 0 0
0 0 0
0 0 0
0 0 0
0 0 0
0 0 0
0 0 0
0 0 0
0 0 0
0 0 0
0 0 0
0 0 0
0 0 0
0 0 0
0 0 0
0 0 0
0 0 0
0 0 0
0 0 0
0 0 0
0 0 0
0 0 0
0 0 0
0 0 0
0 0 0
0 0 0
0 0 0
0 0 0
0 0 0
0 0 0
0 0 0
0 0 0
0 0 0
0 0 0
0 0 0
0 0 0
0 0 0
0 0 0
0 0 0
0 0 0
0 0 0
0 0 0
0 0 0
0 0 0
0 0 0
0 0 0
0 0 0
0 0 0
0 0 0
0 0 0
0 0 0
