0 0 0
0 0 0
0 0 0
0 0 0
0 0 0
0 0 0
0 0 0
0 0 0
0 0 0
0 0 0
0 0 0
0 0 0
0 0 0
0 0 0
0 0 0
0 0 0
0 0 0
0 0 0
0 0 0
0 0 0
0 0 0
0 0 0
0 0 0
0 0 0
0 0 0
0 0 0
0 0 0
0 0 0
0 0 0
0 0 0
0 0 0
0 0 0
0 0 0
0 0 0
0 0 0
0 0 0
0 0 0
0 0 0
0 0 0
0 0 0
0 0 0
0 0 0
0 0 0
0 0 0
0 0 0
0 0 0
0 0 0
0 0 0
0 0 0
0 0 0
0 0 0
0 0 0
0 0 0
0 0 0
0 0 0
0 0 0
0 0 0
0 0 0
0 0 0
0 0 0
0 0 0
0 0 0
0 0 0
0 0 0
0 0 0
0 0 0
0 0 0
0 0 0
0 0 0
0 0 0
0 0 0
0 0 0
0 0 0
0 0 0
0 0 0
0 0 0
0 0 0
0 0 0
0 0 0
0 0 0
0 0 0
0 0 0
0 0 0
0 0 0
0 0 0
0 0 0
0 0 0
0 0 0
0 0 0
0 0 0
0 0 0
0 0 0
0 0 0
0 0 0
0 0 0
0 0 0
0 0 0
0 0 0
0 0 0
0 0 0
1507 1507 0
-4340 77 0
-441 -2573 0
4678 -415 0
3015 0 0
4678 -415 0
-441 -2573 0
-4340 77 0
1507 1507 0
77 -4340 0
-2573 -441 0
-415 4678 0
0 3015 0
-415 4678 0
-2573 -441 0
77 -4340 0
1507 1507 0
-4340 77 0
-441 -2573 0
4678 -415 0
3015 0 0
4678 -415 0
-441 -2573 0
-4340 77 0
1507 1507 0
77 -4340 0
-2573 -441 0
-415 4678 0
0 3015 0
-415 4678 0
-2573 -441 0
77 -4340 0
1507 1507 0
-4340 77 0
-441 -2573 0
4678 -415 0
3015 0 0
4678 -415 0
-441 -2573 0
-4340 77 0
1507 1507 0
77 -4340 0
-2573 -441 0
-415 4678 0
0 3015 0
-415 4678 0
-2573 -441 0
77 -4340 0
1507 1507 0
-4340 77 0
-441 -2573 0
4678 -415 0
3015 0 0
4678 -415 0
-441 -2573 0
-4340 77 0
1507 1507 0
77 -4340 0
-2573 -441 0
-415 4678 0
0 3015 0
-415 4678 0
-2573 -441 0
77 -4340 0
1507 1507 0
-4340 77 0
-441 -2573 0
4678 -415 0
3015 0 0
4678 -415 0
-441 -2573 0
-4340 77 0
1507 1507 0
77 -4340 0
-2573 -441 0
-415 4678 0
0 3015 0
-415 4678 0
-2573 -441 0
77 -4340 0
1507 1507 0
-4340 77 0
-441 -2573 0
4678 -415 0
3015 0 0
4678 -415 0
-441 -2573 0
-4340 77 0
1507 1507 0
77 -4340 0
-2573 -441 0
-415 4678 0
0 3015 0
-415 4678 0
-2573 -441 0
77 -4340 0
1507 1507 0
-4340 77 0
-441 -2573 0
4678 -415 0
3015 0 0
4678 -415 0
-441 -2573 0
-4340 77 0
1507 1507 0
77 -4340 0
-2573 -441 0
-415 4678 0
0 3015 0
-415 4678 0
-2573 -441 0
77 -4340 0
1507 1507 0
-4340 77 0
-441 -2573 0
4678 -415 0
3015 0 0
4678 -415 0
-441 -2573 0
-4340 77 0
1507 1507 0
77 -4340 0
-2573 -441 0
-415 4678 0
0 3015 0
-415 4678 0
-2573 -441 0
77 -4340 0
1507 1507 0
-4340 77 0
-441 -2573 0
4678 -415 0
3015 0 0
4678 -415 0
-441 -2573 0
-4340 77 0
1507 1507 0
77 -4340 0
-2573 -441 0
-415 4678 0
0 3015 0
-415 4678 0
-2573 -441 0
77 -4340 0
1507 1507 0
-4340 77 0
-441 -2573 0
4678 -415 0
3015 0 0
4678 -415 0
-441 -2573 0
-4340 77 0
1507 1507 0
77 -4340 0
-2573 -441 0
-415 4678 0
0 3015 0
-415 4678 0
-2573 -441 0
77 -4340 0
-5120 0 0
403 -3198 0
3005 -3469 0
-3011 -3773 0
-92 -1762 0
2460 2426 0
-4172 672 0
-3994 543 0
-1148 4944 0
-1850 714 0
-1976 -2664 0
2279 -463 0
2694 -3026 0
-4301 -2137 0
-1875 -1288 0
1210 -3223 0
2048 2048 0
3907 134 0
-737 -5264 0
1922 490 0
802 1918 0
-4483 1553 0
32 3768 0
1748 -134 0
3196 848 0
-1256 3479 0
-3773 1808 0
1960 2874 0
692 -914 0
3173 -2713 0
1303 3642 0
-168 3943 0
5120 0 0
-168 -3943 0
1303 -3642 0
3173 2713 0
692 914 0
1960 -2874 0
-3773 -1808 0
-1256 -3479 0
3196 -848 0
1748 134 0
32 -3768 0
-4483 -1553 0
802 -1918 0
1922 -490 0
-737 5264 0
3907 -134 0
2048 -2048 0
1210 3223 0
-1875 1288 0
-4301 2137 0
2694 3026 0
2279 463 0
-1976 2664 0
-1850 -714 0
-1148 -4944 0
-3994 -543 0
-4172 -672 0
2460 -2426 0
-92 1762 0
-3011 3773 0
3005 3469 0
403 3198 0
-5120 0 0
403 -3198 0
3005 -3469 0
-3011 -3773 0
-92 -1762 0
2460 2426 0
-4172 672 0
-3994 543 0
-1148 4944 0
-1850 714 0
-1976 -2664 0
2279 -463 0
2694 -3026 0
-4301 -2137 0
-1875 -1288 0
1210 -3223 0
2048 2048 0
3907 134 0
-737 -5264 0
1922 490 0
802 1918 0
-4483 1553 0
32 3768 0
1748 -134 0
3196 848 0
-1256 3479 0
-3773 1808 0
1960 2874 0
692 -914 0
3173 -2713 0
1303 3642 0
-168 3943 0
5120 0 0
-168 -3943 0
1303 -3642 0
3173 2713 0
692 914 0
1960 -2874 0
-3773 -1808 0
-1256 -3479 0
3196 -848 0
1748 134 0
32 -3768 0
-4483 -1553 0
802 -1918 0
1922 -490 0
-737 5264 0
3907 -134 0
2048 -2048 0
1210 3223 0
-1875 1288 0
-4301 2137 0
2694 3026 0
2279 463 0
-1976 2664 0
-1850 -714 0
-1148 -4944 0
-3994 -543 0
-4172 -672 0
2460 -2426 0
-92 1762 0
-3011 3773 0
3005 3469 0
403 3198 0
-5120 0 0
403 -3198 0
3005 -3469 0
-3011 -3773 0
-92 -1762 0
2460 2426 0
-4172 672 0
-3994 543 0
-1148 4944 0
-1850 714 0
-1976 -2664 0
2279 -463 0
2694 -3026 0
-4301 -2137 0
-1875 -1288 0
1210 -3223 0
2048 2048 0
3907 134 0
-737 -5264 0
1922 490 0
802 1918 0
-4483 1553 0
32 3768 0
1748 -134 0
3196 848 0
-1256 3479 0
-3773 1808 0
1960 2874 0
692 -914 0
3173 -2713 0
1303 3642 0
-168 3943 0
0 -6144 0
-139 1727 0
501 -1628 0
-569 -601 0
-1970 1278 0
-237 -149 0
3568 -644 0
4787 -3810 0
2172 176 0
-951 1590 0
-2014 -828 0
-1524 2326 0
-632 2062 0
0 -702 0
-490 -1976 0
-2110 -2146 0
-3072 0 0
-2110 2146 0
-490 1976 0
0 703 0
-632 -2062 0
-1524 -2326 0
-2014 828 0
-951 -1590 0
2172 -176 0
4787 3810 0
3568 644 0
-236 149 0
-1970 -1278 0
-569 601 0
502 1628 0
-138 -1728 0
0 6144 0
1393 5525 0
1207 1952 0
-521 5547 0
-78 170 0
2559 -1507 0
2604 -3924 0
-793 154 0
-2172 5968 0
741 -7022 0
2834 -3740 0
770 4946 0
-1416 -614 0
-478 2992 0
-18 2300 0
-2930 -3962 0
-5120 0 0
-2928 3962 0
-18 -2300 0
-478 -2993 0
-1416 614 0
770 -4946 0
2834 3740 0
741 7022 0
-2172 -5968 0
-793 -154 0
2604 3924 0
2558 1507 0
-78 -170 0
-521 -5547 0
1206 -1952 0
1394 -5524 0
0 -6144 0
-139 1727 0
501 -1628 0
-569 -601 0
-1970 1278 0
-237 -149 0
3568 -644 0
4787 -3810 0
2172 176 0
-951 1590 0
-2014 -828 0
-1524 2326 0
-632 2062 0
0 -702 0
-490 -1976 0
-2110 -2146 0
3071 1023 0
343 3137 0
4476 1453 0
5452 -861 0
1508 -476 0
1690 -4315 0
-846 -3121 0
-912 -1488 0
1025 972 0
696 2320 0
2955 359 0
1809 2226 0
724 861 0
115 -922 0
-2205 -2281 0
113 -1183 0
-1024 4096 0
-1695 622 0
1805 -3983 0
850 -1123 0
1167 2754 0
151 642 0
-1816 -41 0
-896 4281 0
-2472 -476 0
-1125 -2082 0
-857 -1112 0
-2285 -5616 0
-725 -1260 0
-3646 1177 0
-2468 316 0
956 2173 0
-3071 3072 0
-4561 1333 0
-1644 -2902 0
2588 3416 0
-60 2524 0
-5758 -2733 0
690 4569 0
4320 -4638 0
1024 -9164 0
1511 2916 0
985 1089 0
1115 358 0
724 1186 0
932 -2960 0
941 833 0
-3131 3393 0
1024 0 0
4713 1588 0
-542 2535 0
-1897 -2759 0
-2615 -706 0
-3074 1941 0
-2124 1490 0
-1311 956 0
423 -7716 0
-2282 -4042 0
1012 2560 0
6353 -1433 0
-724 3308 0
-4393 1377 0
-364 -1764 0
3262 2297 0
3071 1023 0
343 3137 0
4476 1453 0
5452 -861 0
1508 -476 0
1690 -4315 0
-846 -3121 0
-912 -1488 0
1025 972 0
696 2320 0
2955 359 0
1809 2226 0
724 861 0
115 -922 0
-2205 -2281 0
113 -1183 0
-2048 -2048 0
493 -1052 0
15 -768 0
-5762 271 0
-5904 1338 0
1631 -2036 0
937 -2379 0
5009 3417 0
3795 2471 0
-3552 -2153 0
3984 1763 0
122 3671 0
-1566 -1339 0
4852 1220 0
-867 6327 0
1266 1326 0
-1024 -2048 0
-2849 3132 0
467 4625 0
-3886 1020 0
3458 554 0
1838 2087 0
-2846 1364 0
3352 -193 0
-5244 1024 0
-7048 2822 0
-2640 -370 0
-2226 -3336 0
6689 554 0
7568 2310 0
1994 -1906 0
806 -2017 0
2048 0 0
1775 -2140 0
-2128 -1568 0
-3561 1055 0
-1337 -1338 0
1776 -2696 0
-1942 -637 0
-3452 -1025 0
2348 -423 0
1196 1329 0
804 -1643 0
-1251 -2722 0
-5674 1338 0
1064 1237 0
4547 -1096 0
482 298 0
1024 0 0
1101 -1508 0
-4147 607 0
-2030 1438 0
3782 -554 0
-708 -1139 0
-1941 -1244 0
-996 -631 0
-899 1025 0
5491 -431 0
3645 -2645 0
-1181 -1397 0
553 -554 0
1755 -982 0
119 -430 0
-3074 -1175 0
-2048 -2048 0
493 -1052 0
15 -768 0
-5762 271 0
-5904 1338 0
1631 -2036 0
937 -2379 0
5009 3417 0
3795 2471 0
-3552 -2153 0
3984 1763 0
122 3671 0
-1566 -1339 0
4852 1220 0
-867 6327 0
1266 1326 0
1564 1564 0
-4504 80 0
-458 -2670 0
4854 -430 0
3128 0 0
4854 -430 0
-458 -2670 0
-4504 80 0
1564 1564 0
80 -4504 0
-2670 -458 0
-430 4854 0
0 3128 0
-430 4854 0
-2670 -458 0
80 -4504 0
1564 1564 0
-4504 80 0
-458 -2670 0
4854 -430 0
3128 0 0
4854 -430 0
-458 -2670 0
-4504 80 0
1564 1564 0
80 -4504 0
-2670 -458 0
-430 4854 0
0 3128 0
-430 4854 0
-2670 -458 0
80 -4504 0
1564 1564 0
-4504 80 0
-458 -2670 0
4854 -430 0
3128 0 0
4854 -430 0
-458 -2670 0
-4504 80 0
1564 1564 0
80 -4504 0
-2670 -458 0
-430 4854 0
0 3128 0
-430 4854 0
-2670 -458 0
80 -4504 0
1564 1564 0
-4504 80 0
-458 -2670 0
4854 -430 0
3128 0 0
4854 -430 0
-458 -2670 0
-4504 80 0
1564 1564 0
80 -4504 0
-2670 -458 0
-430 4854 0
0 3128 0
-430 4854 0
-2670 -458 0
80 -4504 0
1564 1564 0
-4504 80 0
-458 -2670 0
4854 -430 0
3128 0 0
4854 -430 0
-458 -2670 0
-4504 80 0
1564 1564 0
80 -4504 0
-2670 -458 0
-430 4854 0
0 3128 0
-430 4854 0
-2670 -458 0
80 -4504 0
2048 1024 0
3907 645 0
-737 -5109 0
1922 -356 0
802 3334 0
-4483 -185 0
32 5497 0
1748 -1505 0
3196 1572 0
-1256 3574 0
-3773 884 0
1960 4470 0
692 -2884 0
3173 -748 0
1303 2067 0
-168 4817 0
5120 0 0
-168 -4817 0
1303 -2067 0
3173 748 0
692 2884 0
1960 -4470 0
-3773 -884 0
-1256 -3574 0
3196 -1572 0
1748 1505 0
32 -5497 0
-4483 185 0
802 -3334 0
1922 356 0
-737 5109 0
3907 -645 0
2048 -1024 0
1210 1928 0
-1875 2581 0
-4301 1091 0
2694 3658 0
2279 308 0
-1976 2383 0
-1850 -126 0
-1148 -5668 0
-3994 146 0
-4172 -1196 0
2460 -2130 0
-92 1684 0
-3011 3700 0
3005 3597 0
403 3107 0
-5120 0 0
403 -3107 0
3005 -3597 0
-3011 -3700 0
-92 -1684 0
2460 2130 0
-4172 1196 0
-3994 -146 0
-1148 5668 0
-1850 126 0
-1976 -2383 0
2279 -308 0
2694 -3658 0
-4301 -1091 0
-1875 -2581 0
1210 -1928 0
2048 1024 0
3907 645 0
-737 -5109 0
1922 -356 0
802 3334 0
-4483 -185 0
32 5497 0
1748 -1505 0
3196 1572 0
-1256 3574 0
-3773 884 0
1960 4470 0
692 -2884 0
3173 -748 0
1303 2067 0
-168 4817 0
-570 -454 0
2867 -529 0
1666 4071 0
-3639 2372 0
1167 172 0
895 2562 0
-384 -1422 0
1802 2065 0
-1662 3792 0
1027 378 0
2190 4026 0
-1206 4152 0
1404 -1452 0
1306 -1241 0
-3170 -4640 0
2174 -5033 0
1610 978 0
4521 -1889 0
5174 -1152 0
-1920 -2796 0
5626 -4759 0
1396 -66 0
-346 1756 0
3470 3189 0
-316 -866 0
-3735 -2202 0
118 -2434 0
4596 -4380 0
-4955 761 0
-1584 859 0
644 -2600 0
2522 248 0
886 770 0
-3733 163 0
4692 2211 0
391 -1388 0
1671 -2 0
1733 4130 0
1744 1122 0
1458 1185 0
-4658 2528 0
-2745 2966 0
-3950 -1198 0
1606 -3268 0
1708 1174 0
-130 -2125 0
-558 -484 0
-1742 3009 0
-3190 -3822 0
-6467 -667 0
-2562 2838 0
-2328 1092 0
4808 2693 0
2916 418 0
-2462 780 0
-1306 -2267 0
-4740 -1662 0
221 -162 0
-1010 -5834 0
-3752 -2780 0
-1317 -2379 0
1512 2459 0
740 5492 0
-2118 -456 0
-570 -454 0
2867 -529 0
1666 4071 0
-3639 2372 0
1167 172 0
895 2562 0
-384 -1422 0
1802 2065 0
2898 3802 0
2331 -3938 0
-2350 -83 0
-1715 5739 0
4322 -3071 0
-2113 2402 0
1263 1895 0
2981 -4242 0
-4658 -948 0
1248 3004 0
494 503 0
200 -2983 0
2791 880 0
-1659 4086 0
-2582 -1999 0
-873 -2128 0
-1380 1368 0
-1193 -4063 0
4516 -701 0
1812 2765 0
1001 1390 0
-745 636 0
-4324 2234 0
-1385 3924 0
-3634 -1972 0
-1428 -1084 0
-2530 -609 0
-347 -794 0
2659 -934 0
-143 -2858 0
-3183 604 0
-4243 192 0
2790 -326 0
4087 -1190 0
4590 -1923 0
-5389 -693 0
-3952 389 0
5247 2978 0
-3605 6065 0
429 2030 0
2130 -4424 0
1400 -1396 0
-310 -693 0
-1832 811 0
739 4668 0
-2727 3878 0
-1402 4435 0
-1779 6026 0
748 1476 0
123 -2689 0
2396 -561 0
4204 -387 0
1157 1292 0
1499 -2420 0
-4340 -4242 0
3155 -2736 0
2370 -240 0
-4412 2572 0
778 -6045 0
-877 -2822 0
2659 -3350 0
1009 -4974 0
-2053 1124 0
3135 358 0
2898 3802 0
2331 -3938 0
-2350 -83 0
-1715 5739 0
4322 -3071 0
-2113 2402 0
1263 1895 0
2981 -4242 0
5544 2401 0
1039 -4778 0
-3995 -2591 0
686 -534 0
-2840 996 0
-2648 3540 0
4228 5370 0
2024 2713 0
-4184 -4266 0
1570 70 0
1848 2810 0
-4590 -193 0
14 -6329 0
1676 -3254 0
2736 1357 0
2515 -1870 0
3 1375 0
-75 888 0
-818 524 0
2826 1188 0
1968 -3186 0
600 -1922 0
-126 2896 0
-363 379 0
3002 1024 0
1930 3122 0
896 -1010 0
-936 -356 0
-1988 -1345 0
-2322 -1772 0
4841 -2230 0
6022 -2815 0
-2384 1391 0
365 2630 0
-2937 -3119 0
538 -2330 0
4028 5316 0
-736 -1272 0
1988 2186 0
-616 5821 0
2288 -790 0
-386 2234 0
-3820 -710 0
74 -1727 0
-2358 -2433 0
-4412 -1490 0
-4154 -699 0
-79 -1926 0
-5691 -743 0
-3969 -4588 0
10 2766 0
-3946 5028 0
1900 -1230 0
-2948 -346 0
-1034 -1036 0
3801 1269 0
158 2136 0
1250 -4266 0
-1300 66 0
3622 5396 0
540 627 0
-3574 3616 0
1633 -1524 0
1062 -2461 0
5544 2401 0
1039 -4778 0
-3995 -2591 0
686 -534 0
-2840 996 0
-2648 3540 0
4228 5370 0
2024 2713 0
-856 1133 0
987 -1130 0
1523 4876 0
-5640 609 0
-937 1442 0
2933 2453 0
2577 3024 0
983 -2038 0
-1820 -4424 0
4900 2443 0
3851 -2439 0
618 4197 0
-2746 1544 0
-2013 -3956 0
-466 3096 0
-3435 2653 0
2936 894 0
301 -633 0
-1579 608 0
-471 -1493 0
-1811 -1494 0
1072 -138 0
-1658 2293 0
1740 -1622 0
2528 -3716 0
-1890 3635 0
-206 -322 0
-2026 4099 0
-703 4891 0
3670 -1091 0
-1230 1796 0
-4870 -492 0
-2304 131 0
-19 712 0
1891 -3652 0
1518 -1091 0
883 1610 0
-1919 -1753 0
-2569 -528 0
1639 -2222 0
2452 -1896 0
-1524 -1649 0
-1717 -3689 0
1514 -947 0
-98 -3038 0
1237 56 0
-1006 -2664 0
-881 -3603 0
1488 1002 0
-2945 -121 0
-647 556 0
-3031 -2005 0
-31 970 0
4014 3078 0
-954 4815 0
2260 1754 0
632 -3236 0
626 -729 0
1940 -994 0
-5430 -537 0
-2141 1659 0
5742 3879 0
2778 -4244 0
342 -2318 0
-856 1133 0
987 -1130 0
1523 4876 0
-5640 609 0
-937 1442 0
2933 2453 0
2577 3024 0
0 0 0
0 0 0
0 0 0
0 0 0
0 0 0
0 0 0
0 0 0
0 0 0
0 0 0
0 0 0
0 0 0
0 0 0
0 0 0
0 0 0
0 0 0
0 0 0
0 0 0
0 0 0
0 0 0
0 0 0
0 0 0
0 0 0
0 0 0
0 0 0
0 0 0
0 0 0
0 0 0
0 0 0
0 0 0
0 0 0
0 0 0
0 0 0
0 0 0
0 0 0
0 0 0
0 0 0
0 0 0
0 0 0
0 0 0
0 0 0
0 0 0
0 0 0
0 0 0
0 0 0
0 0 0
0 0 0
0 0 0
0 0 0
0 0 0
0 0 0
0 0 0
0 0 0
0 0 0
0 0 0
0 0 0
0 0 0
0 0 0
0 0 0
0 0 0
0 0 0
0 0 0
0 0 0
0 0 0
0 0 0
0 0 0
0 0 0
0 0 0
0 0 0
0 0 0
0 0 0
0 0 0
0 0 0
0 0 0
0 0 0
0 0 0
0 0 0
0 0 0
0 0 0
0 0 0
0 0 0
0 0 0
0 0 0
0 0 0
0 0 0
0 0 0
0 0 0
0 0 0
0 0 0
0 0 0
0 0 0
0 0 0
0 0 0
0 0 0
0 0 0
0 0 0
0 0 0
0 0 0
0 0 0
0 0 0
0 0 0
0 0 0
0 0 0
0 0 0
0 0 0
0 0 0
0 0 0
0 0 0
0 0 0
0 0 0
0 0 0
0 0 0
0 0 0
0 0 0
0 0 0
0 0 0
0 0 0
0 0 0
0 0 0
0 0 0
0 0 0
0 0 0
0 0 0
0 0 0
0 0 0
0 0 0
0 0 0
0 0 0
0 0 0
0 0 0
0 0 0
0 0 0
0 0 0
0 0 0
0 0 0
0 0 0
0 0 0
0 0 0
0 0 0
0 0 0
0 0 0
0 0 0
0 0 0
0 0 0
0 0 0
0 0 0
0 0 0
0 0 0
0 0 0
0 0 0
0 0 0
0 0 0
0 0 0
0 0 0
0 0 0
0 0 0
0 0 0
0 0 0
0 0 0
0 0 0
0 0 0
0 0 0
0 0 0
0 0 0
0 0 0
0 0 0
0 0 0
0 0 0
0 0 0
0 0 0
0 0 0
0 0 0
0 0 0
0 0 0
0 0 0
0 0 0
0 0 0
0 0 0
0 0 0
0 0 0
0 0 0
0 0 0
0 0 0
0 0 0
0 0 0
0 0 0
0 0 0
0 0 0
0 0 0
0 0 0
0 0 0
0 0 0
0 0 0
0 0 0
0 0 0
0 0 0
0 0 0
0 0 0
0 0 0
0 0 0
0 0 0
