0 0 0
0 0 0
0 0 0
0 0 0
0 0 0
0 0 0
0 0 0
0 0 0
0 0 0
0 0 0
0 0 0
0 0 0
0 0 0
0 0 0
0 0 0
0 0 0
0 0 0
0 0 0
0 0 0
0 0 0
0 0 0
0 0 0
0 0 0
0 0 0
0 0 0
0 0 0
0 0 0
0 0 0
0 0 0
0 0 0
0 0 0
0 0 0
0 0 0
0 0 0
0 0 0
0 0 0
0 0 0
0 0 0
0 0 0
0 0 0
0 0 0
0 0 0
0 0 0
0 0 0
0 0 0
0 0 0
0 0 0
0 0 0
0 0 0
0 0 0
0 0 0
0 0 0
0 0 0
0 0 0
0 0 0
0 0 0
0 0 0
0 0 0
0 0 0
0 0 0
0 0 0
0 0 0
0 0 0
0 0 0
0 0 0
0 0 0
0 0 0
0 0 0
0 0 0
0 0 0
0 0 0
0 0 0
0 0 0
0 0 0
0 0 0
0 0 0
0 0 0
0 0 0
0 0 0
0 0 0
0 0 0
0 0 0
0 0 0
0 0 0
0 0 0
0 0 0
0 0 0
0 0 0
0 0 0
0 0 0
0 0 0
0 0 0
0 0 0
0 0 0
0 0 0
0 0 0
0 0 0
0 0 0
0 0 0
0 0 0
1507 1507 0
-4340 77 0
-441 -2573 0
4678 -415 0
3015 0 0
4678 -415 0
-441 -2573 0
-4340 77 0
1507 1507 0
77 -4340 0
-2573 -441 0
-415 4678 0
0 3015 0
-415 4678 0
-2573 -441 0
77 -4340 0
1507 1507 0
-4340 77 0
-441 -2573 0
4678 -415 0
3015 0 0
4678 -415 0
-441 -2573 0
-4340 77 0
1507 1507 0
77 -4340 0
-2573 -441 0
-415 4678 0
0 3015 0
-415 4678 0
-2573 -441 0
77 -4340 0
1507 1507 0
-4340 77 0
-441 -2573 0
4678 -415 0
3015 0 0
4678 -415 0
-441 -2573 0
-4340 77 0
1507 1507 0
77 -4340 0
-2573 -441 0
-415 4678 0
0 3015 0
-415 4678 0
-2573 -441 0
77 -4340 0
1507 1507 0
-4340 77 0
-441 -2573 0
4678 -415 0
3015 0 0
4678 -415 0
-441 -2573 0
-4340 77 0
1507 1507 0
77 -4340 0
-2573 -441 0
-415 4678 0
0 3015 0
-415 4678 0
-2573 -441 0
77 -4340 0
1507 1507 0
-4340 77 0
-441 -2573 0
4678 -415 0
3015 0 0
4678 -415 0
-441 -2573 0
-4340 77 0
1507 1507 0
77 -4340 0
-2573 -441 0
-415 4678 0
0 3015 0
-415 4678 0
-2573 -441 0
77 -4340 0
1507 1507 0
-4340 77 0
-441 -2573 0
4678 -415 0
3015 0 0
4678 -415 0
-441 -2573 0
-4340 77 0
1507 1507 0
77 -4340 0
-2573 -441 0
-415 4678 0
0 3015 0
-415 4678 0
-2573 -441 0
77 -4340 0
1507 1507 0
-4340 77 0
-441 -2573 0
4678 -415 0
3015 0 0
4678 -415 0
-441 -2573 0
-4340 77 0
1507 1507 0
77 -4340 0
-2573 -441 0
-415 4678 0
0 3015 0
-415 4678 0
-2573 -441 0
77 -4340 0
1507 1507 0
-4340 77 0
-441 -2573 0
4678 -415 0
3015 0 0
4678 -415 0
-441 -2573 0
-4340 77 0
1507 1507 0
77 -4340 0
-2573 -441 0
-415 4678 0
0 3015 0
-415 4678 0
-2573 -441 0
77 -4340 0
1507 1507 0
-4340 77 0
-441 -2573 0
4678 -415 0
3015 0 0
4678 -415 0
-441 -2573 0
-4340 77 0
1507 1507 0
77 -4340 0
-2573 -441 0
-415 4678 0
0 3015 0
-415 4678 0
-2573 -441 0
77 -4340 0
1507 1507 0
-4340 77 0
-441 -2573 0
4678 -415 0
3015 0 0
4678 -415 0
-441 -2573 0
-4340 77 0
1507 1507 0
77 -4340 0
-2573 -441 0
-415 4678 0
0 3015 0
-415 4678 0
-2573 -441 0
77 -4340 0
-5120 0 0
403 -3198 0
3005 -3469 0
-3011 -3773 0
-92 -1762 0
2460 2426 0
-4172 672 0
-3994 543 0
-1148 4944 0
-1850 714 0
-1976 -2664 0
2279 -463 0
2694 -3026 0
-4301 -2137 0
-1875 -1288 0
1210 -3223 0
2048 2048 0
3907 134 0
-737 -5264 0
1922 490 0
802 1918 0
-4483 1553 0
32 3768 0
1748 -134 0
3196 848 0
-1256 3479 0
-3773 1808 0
1960 2874 0
692 -914 0
3173 -2713 0
1303 3642 0
-168 3943 0
5120 0 0
-168 -3943 0
1303 -3642 0
3173 2713 0
692 914 0
1960 -2874 0
-3773 -1808 0
-1256 -3479 0
3196 -848 0
1748 134 0
32 -3768 0
-4483 -1553 0
802 -1918 0
1922 -490 0
-737 5264 0
3907 -134 0
2048 -2048 0
1210 3223 0
-1875 1288 0
-4301 2137 0
2694 3026 0
2279 463 0
-1976 2664 0
-1850 -714 0
-1148 -4944 0
-3994 -543 0
-4172 -672 0
2460 -2426 0
-92 1762 0
-3011 3773 0
3005 3469 0
403 3198 0
-5120 0 0
403 -3198 0
3005 -3469 0
-3011 -3773 0
-92 -1762 0
2460 2426 0
-4172 672 0
-3994 543 0
-1148 4944 0
-1850 714 0
-1976 -2664 0
2279 -463 0
2694 -3026 0
-4301 -2137 0
-1875 -1288 0
1210 -3223 0
2048 2048 0
3907 134 0
-737 -5264 0
1922 490 0
802 1918 0
-4483 1553 0
32 3768 0
1748 -134 0
3196 848 0
-1256 3479 0
-3773 1808 0
1960 2874 0
692 -914 0
3173 -2713 0
1303 3642 0
-168 3943 0
5120 0 0
-168 -3943 0
1303 -3642 0
3173 2713 0
692 914 0
1960 -2874 0
-3773 -1808 0
-1256 -3479 0
3196 -848 0
1748 134 0
32 -3768 0
-4483 -1553 0
802 -1918 0
1922 -490 0
-737 5264 0
3907 -134 0
2048 -2048 0
1210 3223 0
-1875 1288 0
-4301 2137 0
2694 3026 0
2279 463 0
-1976 2664 0
-1850 -714 0
-1148 -4944 0
-3994 -543 0
-4172 -672 0
2460 -2426 0
-92 1762 0
-3011 3773 0
3005 3469 0
403 3198 0
-5120 0 0
403 -3198 0
3005 -3469 0
-3011 -3773 0
-92 -1762 0
2460 2426 0
-4172 672 0
-3994 543 0
-1148 4944 0
-1850 714 0
-1976 -2664 0
2279 -463 0
2694 -3026 0
-4301 -2137 0
-1875 -1288 0
1210 -3223 0
2048 2048 0
3907 134 0
-737 -5264 0
1922 490 0
802 1918 0
-4483 1553 0
32 3768 0
1748 -134 0
3196 848 0
-1256 3479 0
-3773 1808 0
1960 2874 0
692 -914 0
3173 -2713 0
1303 3642 0
-168 3943 0
0 -6144 0
-139 1727 0
501 -1628 0
-569 -601 0
-1970 1278 0
-237 -149 0
3568 -644 0
4787 -3810 0
2172 176 0
-951 1590 0
-2014 -828 0
-1524 2326 0
-632 2062 0
0 -702 0
-490 -1976 0
-2110 -2146 0
-3072 0 0
-2110 2146 0
-490 1976 0
0 703 0
-632 -2062 0
-1524 -2326 0
-2014 828 0
-951 -1590 0
2172 -176 0
4787 3810 0
3568 644 0
-236 149 0
-1970 -1278 0
-569 601 0
502 1628 0
-138 -1728 0
0 6144 0
1393 5525 0
1207 1952 0
-521 5547 0
-78 170 0
2559 -1507 0
2604 -3924 0
-793 154 0
-2172 5968 0
741 -7022 0
2834 -3740 0
770 4946 0
-1416 -614 0
-478 2992 0
-18 2300 0
-2930 -3962 0
-5120 0 0
-2928 3962 0
-18 -2300 0
-478 -2993 0
-1416 614 0
770 -4946 0
2834 3740 0
741 7022 0
-2172 -5968 0
-793 -154 0
2604 3924 0
2558 1507 0
-78 -170 0
-521 -5547 0
1206 -1952 0
1394 -5524 0
0 -6144 0
-139 1727 0
501 -1628 0
-569 -601 0
-1970 1278 0
-237 -149 0
3568 -644 0
4787 -3810 0
2172 176 0
-951 1590 0
-2014 -828 0
-1524 2326 0
-632 2062 0
0 -702 0
-490 -1976 0
-2110 -2146 0
-1024 3072 0
1972 3578 0
4102 1317 0
1994 -17 0
-2173 -1925 0
2068 -4445 0
1798 622 0
912 4306 0
3072 1573 0
2477 1 0
4688 -1321 0
-1339 1248 0
-281 2309 0
4116 -4251 0
-2539 -4358 0
758 941 0
-1024 4096 0
-2341 2748 0
2140 -6061 0
-3151 -4452 0
2172 4202 0
3299 -335 0
-3551 -1720 0
-2678 1960 0
-4519 124 0
-2950 3713 0
-3500 2631 0
-2663 -5745 0
2956 -2708 0
-188 2021 0
-2094 179 0
-672 2612 0
1024 5120 0
-1878 -327 0
-4426 -3705 0
1246 1051 0
-2172 1077 0
-3512 -1337 0
2770 1454 0
2635 -2996 0
3072 -5668 0
1069 697 0
-121 -1954 0
-104 -2826 0
-4064 2635 0
-875 -1007 0
2215 -246 0
-664 5385 0
1024 4096 0
2246 3578 0
-1816 1457 0
-90 -806 0
2172 742 0
-1855 -1243 0
-1017 -1556 0
-868 -1262 0
-1624 -4220 0
-597 -2403 0
-1068 -555 0
4107 -37 0
1389 1860 0
-3052 -987 0
2418 -2568 0
578 638 0
-1024 3072 0
1972 3578 0
4102 1317 0
1994 -17 0
-2173 -1925 0
2068 -4445 0
1798 622 0
912 4306 0
3072 1573 0
2477 1 0
4688 -1321 0
-1339 1248 0
-281 2309 0
4116 -4251 0
-2539 -4358 0
758 941 0
-1024 1024 0
4058 4695 0
166 3354 0
-5950 -4498 0
-2583 -2694 0
715 -296 0
-3723 950 0
-773 6588 0
600 3196 0
-3373 162 0
2614 3145 0
1272 1573 0
-534 -1800 0
1971 -1339 0
-2842 3005 0
-842 -59 0
-1024 -4096 0
-741 1748 0
2443 1302 0
-1006 -1540 0
2426 91 0
686 -9 0
-1476 2746 0
3173 2122 0
-2048 1748 0
-1265 5993 0
2020 2959 0
-1309 -1595 0
3367 -3478 0
7755 -2459 0
1843 2216 0
-2759 3729 0
1024 3072 0
1459 -2109 0
-2243 -4137 0
-5950 1041 0
-5258 -802 0
1905 -752 0
-882 942 0
-772 -3436 0
3495 -1148 0
-2972 -418 0
-226 -5038 0
1272 -3420 0
-3210 1200 0
41 1900 0
-434 -2221 0
-842 369 0
1024 4095 0
2425 -1437 0
833 -519 0
-1006 2101 0
1318 -692 0
-3232 -1839 0
-912 -4638 0
3173 -2378 0
-2048 300 0
2810 -2841 0
2585 -1067 0
-1309 547 0
4475 -18 0
4143 -997 0
234 -2999 0
-2758 -1144 0
-1024 1024 0
4058 4695 0
166 3354 0
-5950 -4498 0
-2583 -2694 0
715 -296 0
-3723 950 0
-773 6588 0
600 3196 0
-3373 162 0
2614 3145 0
1272 1573 0
-534 -1800 0
1971 -1339 0
-2842 3005 0
-842 -59 0
1564 1564 0
-4504 80 0
-458 -2670 0
4854 -430 0
3128 0 0
4854 -430 0
-458 -2670 0
-4504 80 0
1564 1564 0
80 -4504 0
-2670 -458 0
-430 4854 0
0 3128 0
-430 4854 0
-2670 -458 0
80 -4504 0
1564 1564 0
-4504 80 0
-458 -2670 0
4854 -430 0
3128 0 0
4854 -430 0
-458 -2670 0
-4504 80 0
1564 1564 0
80 -4504 0
-2670 -458 0
-430 4854 0
0 3128 0
-430 4854 0
-2670 -458 0
80 -4504 0
1564 1564 0
-4504 80 0
-458 -2670 0
4854 -430 0
3128 0 0
4854 -430 0
-458 -2670 0
-4504 80 0
1564 1564 0
80 -4504 0
-2670 -458 0
-430 4854 0
0 3128 0
-430 4854 0
-2670 -458 0
80 -4504 0
1564 1564 0
-4504 80 0
-458 -2670 0
4854 -430 0
3128 0 0
4854 -430 0
-458 -2670 0
-4504 80 0
1564 1564 0
80 -4504 0
-2670 -458 0
-430 4854 0
0 3128 0
-430 4854 0
-2670 -458 0
80 -4504 0
1564 1564 0
-4504 80 0
-458 -2670 0
4854 -430 0
3128 0 0
4854 -430 0
-458 -2670 0
-4504 80 0
1564 1564 0
80 -4504 0
-2670 -458 0
-430 4854 0
0 3128 0
-430 4854 0
-2670 -458 0
80 -4504 0
2048 1024 0
3907 645 0
-737 -5109 0
1922 -356 0
802 3334 0
-4483 -185 0
32 5497 0
1748 -1505 0
3196 1572 0
-1256 3574 0
-3773 884 0
1960 4470 0
692 -2884 0
3173 -748 0
1303 2067 0
-168 4817 0
5120 0 0
-168 -4817 0
1303 -2067 0
3173 748 0
692 2884 0
1960 -4470 0
-3773 -884 0
-1256 -3574 0
3196 -1572 0
1748 1505 0
32 -5497 0
-4483 185 0
802 -3334 0
1922 356 0
-737 5109 0
3907 -645 0
2048 -1024 0
1210 1928 0
-1875 2581 0
-4301 1091 0
2694 3658 0
2279 308 0
-1976 2383 0
-1850 -126 0
-1148 -5668 0
-3994 146 0
-4172 -1196 0
2460 -2130 0
-92 1684 0
-3011 3700 0
3005 3597 0
403 3107 0
-5120 0 0
403 -3107 0
3005 -3597 0
-3011 -3700 0
-92 -1684 0
2460 2130 0
-4172 1196 0
-3994 -146 0
-1148 5668 0
-1850 126 0
-1976 -2383 0
2279 -308 0
2694 -3658 0
-4301 -1091 0
-1875 -2581 0
1210 -1928 0
2048 1024 0
3907 645 0
-737 -5109 0
1922 -356 0
802 3334 0
-4483 -185 0
32 5497 0
1748 -1505 0
3196 1572 0
-1256 3574 0
-3773 884 0
1960 4470 0
692 -2884 0
3173 -748 0
1303 2067 0
-168 4817 0
2554 -566 0
1551 1730 0
562 -1714 0
-2060 1902 0
821 -1640 0
-1514 2098 0
-566 2001 0
1905 53 0
234 1106 0
-336 -2419 0
610 3012 0
3853 -592 0
-582 -1179 0
2928 2085 0
845 1260 0
-1928 7434 0
5721 4080 0
2845 -514 0
3741 751 0
4910 556 0
2113 -182 0
-2048 -3568 0
-612 -1922 0
2167 3300 0
-1738 -550 0
-535 -796 0
-1828 1986 0
-1090 -1520 0
-1216 -861 0
-5895 1097 0
-3589 1819 0
1715 -1468 0
1554 882 0
239 710 0
1602 -6058 0
1252 -1082 0
437 -3532 0
-5642 -2666 0
-2966 -509 0
4967 -5481 0
-2130 2686 0
-5600 667 0
-2502 -5820 0
-1109 -1088 0
5198 -155 0
3732 -189 0
-1213 2710 0
2852 4758 0
-2877 1292 0
-5239 -2554 0
-3671 1629 0
-1522 2076 0
6741 -966 0
148 344 0
2216 -958 0
2145 1040 0
-5846 2446 0
1279 -616 0
1488 -106 0
-2010 -36 0
-872 -5389 0
-1081 -2995 0
-4227 4445 0
-877 -2268 0
2554 -566 0
1551 1730 0
562 -1714 0
-2060 1902 0
821 -1640 0
-1514 2098 0
-566 2001 0
1905 53 0
-5719 -428 0
2178 391 0
-3309 4797 0
262 2505 0
4636 1730 0
1501 -2156 0
4566 -255 0
629 3325 0
1504 1264 0
3977 2336 0
592 -5532 0
-3192 -2592 0
102 1362 0
111 4105 0
183 3268 0
3188 -4604 0
-456 -542 0
1746 -472 0
4230 5722 0
1796 5382 0
-2312 -94 0
247 -593 0
-2418 -4692 0
-4595 -2158 0
2054 -1814 0
244 -849 0
7 -3245 0
-3948 -3852 0
-133 835 0
1879 1711 0
1243 295 0
6136 -1074 0
-4709 -2100 0
1658 -2365 0
6669 -1027 0
-5546 -2233 0
-2380 2978 0
4183 3364 0
-230 411 0
-3095 -3315 0
3236 -4424 0
2119 628 0
-2348 -2854 0
-3776 1936 0
-1758 2452 0
-817 2445 0
-1515 -72 0
1576 -3640 0
-3020 5598 0
-2886 2748 0
1750 2944 0
-2696 86 0
-4368 -1454 0
-1103 101 0
1318 -2016 0
2865 1994 0
-474 -1346 0
1228 1005 0
1257 1723 0
-3892 708 0
1157 -1489 0
-1097 -7345 0
645 -1995 0
-880 2474 0
-5719 -428 0
2178 391 0
-3309 4797 0
262 2505 0
4636 1730 0
1501 -2156 0
4566 -255 0
629 3325 0
1830 -1384 0
2366 -2682 0
-2400 -4179 0
1177 -3707 0
-449 242 0
-5483 5724 0
-994 3802 0
-1488 3367 0
-76 632 0
255 1925 0
141 4234 0
5204 -2175 0
236 -1407 0
1902 -69 0
4654 78 0
1172 4148 0
-1608 4866 0
-1168 -2814 0
3352 -3245 0
-1830 2507 0
-1734 812 0
2231 1061 0
-705 3732 0
-2964 1293 0
632 -2136 0
3315 2411 0
-91 -287 0
552 -4398 0
156 -1871 0
-510 -913 0
-3512 2974 0
-2492 -258 0
382 -828 0
2714 194 0
7460 -2815 0
-1489 -191 0
-3157 1522 0
1201 1042 0
3782 2778 0
388 2387 0
-4664 -4108 0
1687 -807 0
-2811 3282 0
398 -1773 0
-236 -511 0
-4114 2143 0
4238 -982 0
-3812 -1172 0
-4396 -3286 0
1008 -5250 0
480 3459 0
786 535 0
-980 1848 0
439 1633 0
-187 -7260 0
2228 21 0
1580 -3868 0
-1021 615 0
2717 2079 0
346 -5838 0
-156 4421 0
2762 843 0
-3484 -2594 0
-5764 198 0
1830 -1384 0
2366 -2682 0
-2400 -4179 0
1177 -3707 0
-449 242 0
-5483 5724 0
-994 3802 0
-1488 3367 0
-123 -101 0
2424 80 0
-3694 214 0
-1930 1863 0
-5925 -402 0
-1259 2638 0
2478 4987 0
-5192 -1558 0
866 -1580 0
-121 -581 0
1212 -2290 0
2668 -1978 0
283 227 0
1815 -832 0
1088 -884 0
200 1796 0
716 -933 0
3824 2014 0
2301 3226 0
104 -1059 0
445 5916 0
541 7060 0
-3335 -228 0
-2496 858 0
1896 234 0
331 -1047 0
50 -2964 0
-404 -4860 0
-144 1020 0
-1378 1606 0
-3826 3804 0
-2706 2746 0
439 -4007 0
-1552 -292 0
-238 -506 0
-1098 495 0
-6035 2762 0
45 6 0
-2226 -2083 0
-1608 -2958 0
-3394 1580 0
-5047 -671 0
5748 314 0
7292 3478 0
3677 -2369 0
-5135 -72 0
780 724 0
2356 -4004 0
-2296 -5071 0
1180 -2298 0
-2913 86 0
1184 -2227 0
-3021 -1324 0
-1647 648 0
4795 3088 0
4576 1218 0
5688 -2762 0
-363 2119 0
62 -1872 0
2232 -3972 0
1872 1754 0
-1242 -2794 0
2774 -560 0
2406 2578 0
-123 -101 0
2424 80 0
-3694 214 0
-1930 1863 0
-5925 -402 0
-1259 2638 0
2478 4987 0
0 0 0
0 0 0
0 0 0
0 0 0
0 0 0
0 0 0
0 0 0
0 0 0
0 0 0
0 0 0
0 0 0
0 0 0
0 0 0
0 0 0
0 0 0
0 0 0
0 0 0
0 0 0
0 0 0
0 0 0
0 0 0
0 0 0
0 0 0
0 0 0
0 0 0
0 0 0
0 0 0
0 0 0
0 0 0
0 0 0
0 0 0
0 0 0
0 0 0
0 0 0
0 0 0
0 0 0
0 0 0
0 0 0
0 0 0
0 0 0
0 0 0
0 0 0
0 0 0
0 0 0
0 0 0
0 0 0
0 0 0
0 0 0
0 0 0
0 0 0
0 0 0
0 0 0
0 0 0
0 0 0
0 0 0
0 0 0
0 0 0
0 0 0
0 0 0
0 0 0
0 0 0
0 0 0
0 0 0
0 0 0
0 0 0
0 0 0
0 0 0
0 0 0
0 0 0
0 0 0
0 0 0
0 0 0
0 0 0
0 0 0
0 0 0
0 0 0
0 0 0
0 0 0
0 0 0
0 0 0
0 0 0
0 0 0
0 0 0
0 0 0
0 0 0
0 0 0
0 0 0
0 0 0
0 0 0
0 0 0
0 0 0
0 0 0
0 0 0
0 0 0
0 0 0
0 0 0
0 0 0
0 0 0
0 0 0
0 0 0
0 0 0
0 0 0
0 0 0
0 0 0
0 0 0
0 0 0
0 0 0
0 0 0
0 0 0
0 0 0
0 0 0
0 0 0
0 0 0
0 0 0
0 0 0
0 0 0
0 0 0
0 0 0
0 0 0
0 0 0
0 0 0
0 0 0
0 0 0
0 0 0
0 0 0
0 0 0
0 0 0
0 0 0
0 0 0
0 0 0
0 0 0
0 0 0
0 0 0
0 0 0
0 0 0
0 0 0
0 0 0
0 0 0
0 0 0
0 0 0
0 0 0
0 0 0
0 0 0
0 0 0
0 0 0
0 0 0
0 0 0
0 0 0
0 0 0
0 0 0
0 0 0
0 0 0
0 0 0
0 0 0
0 0 0
0 0 0
0 0 0
0 0 0
0 0 0
0 0 0
0 0 0
0 0 0
0 0 0
0 0 0
0 0 0
0 0 0
0 0 0
0 0 0
0 0 0
0 0 0
0 0 0
0 0 0
0 0 0
0 0 0
0 0 0
0 0 0
0 0 0
0 0 0
0 0 0
0 0 0
0 0 0
0 0 0
0 0 0
0 0 0
0 0 0
0 0 0
0 0 0
0 0 0
0 0 0
0 0 0
0 0 0
0 0 0
0 0 0
0 0 0
0 0 0
0 0 0
0 0 0
0 0 0
0 0 0
0 0 0
